 1.00000000e-03  7.99789818e-02  1.00000000e-03 -3.88415373e-04  1.00000000e-03  7.99799250e-02  1.00000000e-03 -4.85642991e-03 
 1.25892541e-03  7.99667469e-02  1.25892541e-03 -4.88140725e-04  1.25892541e-03  7.99682368e-02  1.25892541e-03 -6.10422058e-03 
 1.58489319e-03  7.99474437e-02  1.58489319e-03 -6.12853906e-04  1.58489319e-03  7.99497927e-02  1.58489319e-03 -7.66555969e-03 
 1.99526231e-03  7.99170688e-02  1.99526231e-03 -7.68211584e-04  1.99526231e-03  7.99207610e-02  1.99526231e-03 -9.61231356e-03 
 2.51188643e-03  7.98694692e-02  2.51188643e-03 -9.60560094e-04  2.51188643e-03  7.98752451e-02  2.51188643e-03 -1.20260444e-02 
 3.16227766e-03  7.97953587e-02  3.16227766e-03 -1.19641393e-03  3.16227766e-03  7.98043274e-02  3.16227766e-03 -1.49924045e-02 
 3.98107171e-03  7.96811275e-02  3.98107171e-03 -1.48124411e-03  3.98107171e-03  7.96948942e-02  3.98107171e-03 -1.85875071e-02 
 5.01187234e-03  7.95077581e-02  5.01187234e-03 -1.81710627e-03  5.01187234e-03  7.95285198e-02  5.01187234e-03 -2.28504744e-02 
 6.30957344e-03  7.92507124e-02  6.30957344e-03 -2.19863999e-03  6.30957344e-03  7.92812048e-02  6.30957344e-03 -2.77357276e-02 
 7.94328235e-03  7.88825042e-02  7.94328235e-03 -2.60754175e-03  7.94328235e-03  7.89255899e-02  7.94328235e-03 -3.30439892e-02 
 1.00000000e-02  7.83802349e-02  1.00000000e-02 -3.00741493e-03  1.00000000e-02  7.84379102e-02  1.00000000e-02 -3.83507446e-02 
 1.25892541e-02  7.77388496e-02  1.25892541e-02 -3.34393396e-03  1.25892541e-02  7.78107360e-02  1.25892541e-02 -4.29884653e-02 
 1.58489319e-02  7.69851997e-02  1.58489319e-02 -3.55664547e-03  1.58489319e-02  7.70673128e-02  1.58489319e-02 -4.61662545e-02 
 1.99526231e-02  7.61809429e-02  1.99526231e-02 -3.60254572e-03  1.99526231e-02  7.62660763e-02  1.99526231e-02 -4.72541261e-02 
 2.51188643e-02  7.54049217e-02  2.51188643e-02 -3.47806266e-03  2.51188643e-02  7.54850922e-02  2.51188643e-02 -4.60924720e-02 
 3.16227766e-02  7.47230453e-02  3.16227766e-02 -3.22118361e-03  3.16227766e-02  7.47924429e-02  3.16227766e-02 -4.30816288e-02 
 3.98107171e-02  7.41671147e-02  3.98107171e-02 -2.89150191e-03  3.98107171e-02  7.42234578e-02  3.98107171e-02 -3.89665729e-02 
 5.01187234e-02  7.37345146e-02  5.01187234e-02 -2.54484174e-03  5.01187234e-02  7.37784174e-02  5.01187234e-02 -3.44998813e-02 
 6.30957344e-02  7.34020519e-02  6.30957344e-02 -2.21826054e-03  6.30957344e-02  7.34355629e-02  6.30957344e-02 -3.02114934e-02 
 7.94328235e-02  7.31414020e-02  7.94328235e-02 -1.92806764e-03  7.94328235e-02  7.31668103e-02  7.94328235e-02 -2.63547207e-02 
 1.00000000e-01  7.29292585e-02  1.00000000e-01 -1.67557842e-03  1.00000000e-01  7.29485045e-02  1.00000000e-01 -2.29713522e-02 
 1.25892541e-01  7.27510157e-02  1.25892541e-01 -1.45506635e-03  1.25892541e-01  7.27655654e-02  1.25892541e-01 -1.99979665e-02 
 1.58489319e-01  7.25993946e-02  1.58489319e-01 -1.26010941e-03  1.58489319e-01  7.26103297e-02  1.58489319e-01 -1.73552809e-02 
 1.99526231e-01  7.24708713e-02  1.99526231e-01 -1.08632564e-03  1.99526231e-01  7.24790128e-02  1.99526231e-01 -1.49887020e-02 
 2.51188643e-01  7.23629853e-02  2.51188643e-01 -9.31065957e-04  2.51188643e-01  7.23689749e-02  2.51188643e-01 -1.28658952e-02 
 3.16227766e-01  7.22736000e-02  3.16227766e-01 -7.92392455e-04  3.16227766e-01  7.22779436e-02  3.16227766e-01 -1.09633491e-02 
 3.98107171e-01  7.22010015e-02  3.98107171e-01 -6.68815003e-04  3.98107171e-01  7.22040992e-02  3.98107171e-01 -9.26297226e-03 
 5.01187234e-01  7.21437065e-02  5.01187234e-01 -5.59454208e-04  5.01187234e-01  7.21458757e-02  5.01187234e-01 -7.75456406e-03 
 6.30957344e-01  7.21000431e-02  6.30957344e-01 -4.63926333e-04  6.30957344e-01  7.21015356e-02  6.30957344e-01 -6.43439186e-03 
 7.94328235e-01  7.20679738e-02  7.94328235e-01 -3.81950446e-04  7.94328235e-01  7.20689859e-02  7.94328235e-01 -5.29981419e-03 
 1.00000000e+00  7.20452348e-02  1.00000000e+00 -3.13014161e-04  1.00000000e+00  7.20459148e-02  1.00000000e+00 -4.34466197e-03 
 1.25892541e+00  7.20296029e-02  1.25892541e+00 -2.56254682e-04  1.25892541e+00  7.20300587e-02  1.25892541e+00 -3.55761508e-03 
 1.58489319e+00  7.20191241e-02  1.58489319e+00 -2.10523959e-04  1.58489319e+00  7.20194318e-02  1.58489319e+00 -2.92315911e-03 
 1.99526231e+00  7.20122326e-02  1.99526231e+00 -1.74545415e-04  1.99526231e+00  7.20124441e-02  1.99526231e+00 -2.42382533e-03 
 2.51188643e+00  7.20077613e-02  2.51188643e+00 -1.47075949e-04  2.51188643e+00  7.20079115e-02  2.51188643e+00 -2.04249851e-03 
 3.16227766e+00  7.20048859e-02  3.16227766e+00 -1.27025424e-04  3.16227766e+00  7.20049979e-02  3.16227766e+00 -1.76412046e-03 
 3.98107171e+00  7.20030456e-02  3.98107171e+00 -1.13525672e-04  3.98107171e+00  7.20031351e-02  3.98107171e+00 -1.57667745e-03 
 5.01187234e+00  7.20018681e-02  5.01187234e+00 -1.05962230e-04  5.01187234e+00  7.20019461e-02  5.01187234e+00 -1.47165839e-03 
 6.30957344e+00  7.20011094e-02  6.30957344e+00 -1.03986135e-04  6.30957344e+00  7.20011845e-02  6.30957344e+00 -1.44422862e-03 
 7.94328235e+00  7.20006098e-02  7.94328235e+00 -1.07519603e-04  7.94328235e+00  7.20006901e-02  7.94328235e+00 -1.49331405e-03 
 1.00000000e+01  7.20002632e-02  1.00000000e+01 -1.16764697e-04  1.00000000e+01  7.20003579e-02  1.00000000e+01 -1.62172455e-03 
 1.25892541e+01  7.19999955e-02  1.25892541e+01 -1.32220729e-04  1.25892541e+01  7.20001169e-02  1.25892541e+01 -1.83639706e-03 
 1.58489319e+01  7.19997490e-02  1.58489319e+01 -1.54714227e-04  1.58489319e+01  7.19999152e-02  1.58489319e+01 -2.14881289e-03 
 1.99526231e+01  7.19994708e-02  1.99526231e+01 -1.85444631e-04  1.99526231e+01  7.19997096e-02  1.99526231e+01 -2.57563311e-03 
 2.51188643e+01  7.19991007e-02  2.51188643e+01 -2.26048941e-04  2.51188643e+01  7.19994555e-02  2.51188643e+01 -3.13959752e-03 
 3.16227766e+01  7.19985590e-02  3.16227766e+01 -2.78689138e-04  3.16227766e+01  7.19990983e-02  3.16227766e+01 -3.87074061e-03 
 3.98107171e+01  7.19977286e-02  3.98107171e+01 -3.46167145e-04  3.98107171e+01  7.19985608e-02  3.98107171e+01 -4.80799164e-03 
 5.01187234e+01  7.19964306e-02  5.01187234e+01 -4.32073363e-04  5.01187234e+01  7.19977270e-02  5.01187234e+01 -6.00124441e-03 
 6.30957344e+01  7.19943846e-02  6.30957344e+01 -5.40976360e-04  6.30957344e+01  7.19964171e-02  6.30957344e+01 -7.51400518e-03 
 7.94328235e+01  7.19911495e-02  7.94328235e+01 -6.78663063e-04  7.94328235e+01  7.19943483e-02  7.94328235e+01 -9.42675545e-03 
 1.00000000e+02  7.19860274e-02  1.00000000e+02 -8.52440706e-04  1.00000000e+02  7.19910744e-02  1.00000000e+02 -1.18411988e-02 
 1.25892541e+02  7.19779143e-02  1.25892541e+02 -1.07151353e-03  1.25892541e+02  7.19858895e-02  1.25892541e+02 -1.48855992e-02 
 1.58489319e+02  7.19650629e-02  1.58489319e+02 -1.34744815e-03  1.58489319e+02  7.19776764e-02  1.58489319e+02 -1.87214555e-02 
 1.99526231e+02  7.19447090e-02  1.99526231e+02 -1.69474016e-03  1.99526231e+02  7.19646670e-02  1.99526231e+02 -2.35517917e-02 
 2.51188643e+02  7.19124835e-02  2.51188643e+02 -2.13148789e-03  2.51188643e+02  7.19440653e-02  2.51188643e+02 -2.96313507e-02 
 3.16227766e+02  7.18614919e-02  3.16227766e+02 -2.68016129e-03  3.16227766e+02  7.19114545e-02  3.16227766e+02 -3.72789312e-02 
 3.98107171e+02  7.17808807e-02  3.98107171e+02 -3.36841287e-03  3.98107171e+02  7.18598709e-02  3.98107171e+02 -4.68919243e-02 
 5.01187234e+02  7.16536329e-02  5.01187234e+02 -4.22979063e-03  5.01187234e+02  7.17783689e-02  5.01187234e+02 -5.89626452e-02 
 6.30957344e+02  7.14532349e-02  6.30957344e+02 -5.30403983e-03  6.30957344e+02  7.16498264e-02  6.30957344e+02 -7.40950324e-02 
 7.94328235e+02  7.11387913e-02  7.94328235e+02 -6.63635281e-03  7.94328235e+02  7.14476648e-02  7.94328235e+02 -9.30181910e-02 
 1.00000000e+03  7.06482287e-02  1.00000000e+03 -8.27434741e-03  1.00000000e+03  7.11311257e-02  1.00000000e+03 -1.16589224e-01 
 1.25892541e+03  6.98897296e-02  1.25892541e+03 -1.02606443e-02  1.25892541e+03  7.06389066e-02  1.25892541e+03 -1.45770558e-01 
 1.58489319e+03  6.87330465e-02  1.58489319e+03 -1.26177889e-02  1.58489319e+03  6.98816162e-02  1.58489319e+03 -1.81555260e-01 
 1.99526231e+03  6.70057987e-02  1.99526231e+03 -1.53217630e-02  1.99526231e+03  6.87352419e-02  1.99526231e+03 -2.24798419e-01 
 2.51188643e+03  6.45057568e-02  2.51188643e+03 -1.82629944e-02  2.51188643e+03  6.70412532e-02  2.51188643e+03 -2.75901316e-01 
 3.16227766e+03  6.10458449e-02  3.16227766e+03 -2.12043050e-02  3.16227766e+03  6.46236623e-02  3.16227766e+03 -3.34312520e-01 
 3.98107171e+03  5.65433132e-02  3.98107171e+03 -2.37663322e-02  3.98107171e+03  6.13350211e-02  3.98107171e+03 -3.97900680e-01 
 5.01187234e+03  5.11310241e-02  5.01187234e+03 -2.54886757e-02  5.01187234e+03  5.71319020e-02  5.01187234e+03 -4.62444699e-01 
 6.30957344e+03  4.52127698e-02  6.30957344e+03 -2.59880794e-02  6.30957344e+03  5.21495429e-02  6.30957344e+03 -5.21680292e-01 
 7.94328235e+03  3.93750521e-02  7.94328235e+03 -2.51417992e-02  7.94328235e+03  4.67172858e-02  7.94328235e+03 -5.68263280e-01 
 1.00000000e+04  3.41737918e-02  1.00000000e+04 -2.31547144e-02  1.00000000e+04  4.12793998e-02  1.00000000e+04 -5.95504671e-01 
 1.25892541e+04  2.99432632e-02  1.25892541e+04 -2.04494793e-02  1.25892541e+04  3.62598981e-02  1.25892541e+04 -5.99184922e-01 
 1.58489319e+04  2.67501116e-02  1.58489319e+04 -1.74768932e-02  1.58489319e+04  3.19532512e-02  1.58489319e+04 -5.78718970e-01 
 1.99526231e+04  2.44733294e-02  1.99526231e+04 -1.45808934e-02  1.99526231e+04  2.84876518e-02  1.99526231e+04 -5.37316005e-01 
 2.51188643e+04  2.29150238e-02  2.51188643e+04 -1.19617671e-02  2.51188643e+04  2.58492202e-02  2.51188643e+04 -4.81096587e-01 
 3.16227766e+04  2.18781098e-02  3.16227766e+04 -9.70228904e-03  3.16227766e+04  2.39329501e-02  3.16227766e+04 -4.17410465e-01 
 3.98107171e+04  2.12010154e-02  3.98107171e+04 -7.81091308e-03  3.98107171e+04  2.25941014e-02  3.98107171e+04 -3.52990914e-01 
 5.01187234e+04  2.07643041e-02  5.01187234e+04 -6.25776740e-03  5.01187234e+04  2.16867697e-02  5.01187234e+04 -2.92714484e-01 
 6.30957344e+04  2.04848734e-02  6.30957344e+04 -4.99783083e-03  6.30957344e+04  2.10857381e-02  6.30957344e+04 -2.39301645e-01 
 7.94328235e+04  2.03069908e-02  7.94328235e+04 -3.98362634e-03  7.94328235e+04  2.06940367e-02  7.94328235e+04 -1.93710357e-01 
 1.00000000e+05  2.01941210e-02  1.00000000e+05 -3.17121603e-03  1.00000000e+05  2.04416031e-02  1.00000000e+05 -1.55764500e-01 
 1.25892541e+05  2.01226511e-02  1.25892541e+05 -2.52246156e-03  1.25892541e+05  2.02801356e-02  1.25892541e+05 -1.24703864e-01 
 1.58489319e+05  2.00774550e-02  1.58489319e+05 -2.00540805e-03  1.58489319e+05  2.01773601e-02  1.58489319e+05 -9.95533822e-02 
 1.99526231e+05  2.00488977e-02  1.99526231e+05 -1.59382836e-03  1.99526231e+05  2.01121502e-02  1.99526231e+05 -7.93302210e-02 
 2.51188643e+05  2.00308631e-02  2.51188643e+05 -1.26646236e-03  2.51188643e+05  2.00708595e-02  2.51188643e+05 -6.31415055e-02 
 3.16227766e+05  2.00194775e-02  3.16227766e+05 -1.00620721e-03  3.16227766e+05  2.00447483e-02  3.16227766e+05 -5.02191523e-02 
 3.98107171e+05  2.00122912e-02  3.98107171e+05 -7.99369293e-04  3.98107171e+05  2.00282498e-02  3.98107171e+05 -3.99226933e-02 
 5.01187234e+05  2.00077559e-02  5.01187234e+05 -6.35016992e-04  5.01187234e+05  2.00178306e-02  5.01187234e+05 -3.17278909e-02 
 6.30957344e+05  2.00048939e-02  6.30957344e+05 -5.04439693e-04  6.30957344e+05  2.00112528e-02  6.30957344e+05 -2.52104721e-02 
 7.94328235e+05  2.00030880e-02  7.94328235e+05 -4.00704608e-04  7.94328235e+05  2.00071010e-02  7.94328235e+05 -2.00294586e-02 
 1.00000000e+06  2.00019484e-02  1.00000000e+06 -3.18297959e-04  1.00000000e+06  2.00044808e-02  1.00000000e+06 -1.59120046e-02 
 1.25892541e+06  2.00012294e-02  1.25892541e+06 -2.52836552e-04  1.25892541e+06  2.00028274e-02  1.25892541e+06 -1.26403773e-02 
 1.58489319e+06  2.00007757e-02  1.58489319e+06 -2.00836965e-04  1.58489319e+06  2.00017840e-02  1.58489319e+06 -1.00411213e-02 
 1.99526231e+06  2.00004894e-02  1.99526231e+06 -1.59531350e-04  1.99526231e+06  2.00011257e-02  1.99526231e+06 -7.97620314e-03 
 2.51188643e+06  2.00003088e-02  2.51188643e+06 -1.26720696e-04  2.51188643e+06  2.00007103e-02  2.51188643e+06 -6.33585217e-03 
 3.16227766e+06  2.00001948e-02  3.16227766e+06 -1.00658047e-04  3.16227766e+06  2.00004481e-02  3.16227766e+06 -5.03281083e-03 
 3.98107171e+06  2.00001229e-02  3.98107171e+06 -7.99556394e-05  3.98107171e+06  2.00002828e-02  3.98107171e+06 -3.99773610e-03 
 5.01187234e+06  2.00000776e-02  5.01187234e+06 -6.35110773e-05  5.01187234e+06  2.00001784e-02  5.01187234e+06 -3.17553087e-03 
 6.30957344e+06  2.00000489e-02  6.30957344e+06 -5.04486697e-05  6.30957344e+06  2.00001126e-02  6.30957344e+06 -2.52242196e-03 
 7.94328235e+06  2.00000309e-02  7.94328235e+06 -4.00728167e-05  7.94328235e+06  2.00000710e-02  7.94328235e+06 -2.00363506e-03 
 1.00000000e+07  2.00000195e-02  1.00000000e+07 -3.18309767e-05  1.00000000e+07  2.00000448e-02  1.00000000e+07 -1.59154594e-03 
