 1.00000000e-03  7.00997898e-02  1.00000000e-03 -3.89192608e-06  1.00000000e-03  7.00997899e-02  1.00000000e-03 -5.55197966e-05 
 1.25892541e-03  7.00996675e-02  1.25892541e-03 -4.89119207e-06  1.25892541e-03  7.00996676e-02  1.25892541e-03 -6.97748255e-05 
 1.58489319e-03  7.00994744e-02  1.58489319e-03 -6.14085745e-06  1.58489319e-03  7.00994747e-02  1.58489319e-03 -8.76020467e-05 
 1.99526231e-03  7.00991707e-02  1.99526231e-03 -7.69762382e-06  1.99526231e-03  7.00991711e-02  1.99526231e-03 -1.09810483e-04 
 2.51188643e-03  7.00986947e-02  2.51188643e-03 -9.62512442e-06  2.51188643e-03  7.00986954e-02  2.51188643e-03 -1.37308183e-04 
 3.16227766e-03  7.00979536e-02  3.16227766e-03 -1.19887181e-05  3.16227766e-03  7.00979546e-02  3.16227766e-03 -1.71028075e-04 
 3.98107171e-03  7.00968113e-02  3.98107171e-03 -1.48433844e-05  3.98107171e-03  7.00968128e-02  3.98107171e-03 -2.11755483e-04 
 5.01187234e-03  7.00950776e-02  5.01187234e-03 -1.82100186e-05  5.01187234e-03  7.00950800e-02  5.01187234e-03 -2.59790257e-04 
 6.30957344e-03  7.00925071e-02  6.30957344e-03 -2.20354437e-05  6.30957344e-03  7.00925106e-02  6.30957344e-03 -3.14376585e-04 
 7.94328235e-03  7.00888251e-02  7.94328235e-03 -2.61371622e-05  7.94328235e-03  7.00888299e-02  7.94328235e-03 -3.72914812e-04 
 1.00000000e-02  7.00838024e-02  1.00000000e-02 -3.01518846e-05  1.00000000e-02  7.00838089e-02  1.00000000e-02 -4.30226126e-04 
 1.25892541e-02  7.00773885e-02  1.25892541e-02 -3.35372076e-05  1.25892541e-02  7.00773965e-02  1.25892541e-02 -4.78573841e-04 
 1.58489319e-02  7.00698520e-02  1.58489319e-02 -3.56896693e-05  1.58489319e-02  7.00698611e-02  1.58489319e-02 -5.09344107e-04 
 1.99526231e-02  7.00618095e-02  1.99526231e-02 -3.61805820e-05  1.99526231e-02  7.00618188e-02  1.99526231e-02 -5.16409426e-04 
 2.51188643e-02  7.00540492e-02  2.51188643e-02 -3.49759235e-05  2.51188643e-02  7.00540580e-02  2.51188643e-02 -4.99270505e-04 
 3.16227766e-02  7.00472305e-02  3.16227766e-02 -3.24577054e-05  3.16227766e-02  7.00472380e-02  3.16227766e-02 -4.63368828e-04 
 3.98107171e-02  7.00416712e-02  3.98107171e-02 -2.92245539e-05  3.98107171e-02  7.00416773e-02  3.98107171e-02 -4.17245215e-04 
 5.01187234e-02  7.00373452e-02  5.01187234e-02 -2.58381010e-05  5.01187234e-02  7.00373499e-02  5.01187234e-02 -3.68918893e-04 
 6.30957344e-02  7.00340205e-02  6.30957344e-02 -2.26731896e-05  6.30957344e-02  7.00340242e-02  6.30957344e-02 -3.23745354e-04 
 7.94328235e-02  7.00314140e-02  7.94328235e-02 -1.98982865e-05  7.94328235e-02  7.00314169e-02  7.94328235e-02 -2.84133716e-04 
 1.00000000e-01  7.00292926e-02  1.00000000e-01 -1.75333104e-05  1.00000000e-01  7.00292948e-02  1.00000000e-01 -2.50371086e-04 
 1.25892541e-01  7.00275102e-02  1.25892541e-01 -1.55295123e-05  1.25892541e-01  7.00275119e-02  1.25892541e-01 -2.21763018e-04 
 1.58489319e-01  7.00259939e-02  1.58489319e-01 -1.38333931e-05  1.58489319e-01  7.00259953e-02  1.58489319e-01 -1.97546541e-04 
 1.99526231e-01  7.00247087e-02  1.99526231e-01 -1.24146305e-05  1.99526231e-01  7.00247098e-02  1.99526231e-01 -1.77289282e-04 
 2.51188643e-01  7.00236298e-02  2.51188643e-01 -1.12637254e-05  2.51188643e-01  7.00236307e-02  2.51188643e-01 -1.60856061e-04 
 3.16227766e-01  7.00227359e-02  3.16227766e-01 -1.03826904e-05  3.16227766e-01  7.00227367e-02  3.16227766e-01 -1.48275988e-04 
 3.98107171e-01  7.00220099e-02  3.98107171e-01 -9.78355466e-06  3.98107171e-01  7.00220105e-02  3.98107171e-01 -1.39721134e-04 
 5.01187234e-01  7.00214368e-02  5.01187234e-01 -9.49142740e-06  5.01187234e-01  7.00214374e-02  5.01187234e-01 -1.35550308e-04 
 6.30957344e-01  7.00210000e-02  6.30957344e-01 -9.54515298e-06  6.30957344e-01  7.00210006e-02  6.30957344e-01 -1.36318432e-04 
 7.94328235e-01  7.00206790e-02  7.94328235e-01 -9.99565517e-06  7.94328235e-01  7.00206797e-02  7.94328235e-01 -1.42752902e-04 
 1.00000000e+00  7.00204512e-02  1.00000000e+00 -1.09054560e-05  1.00000000e+00  7.00204520e-02  1.00000000e+00 -1.55746725e-04 
 1.25892541e+00  7.00202941e-02  1.25892541e+00 -1.23510888e-05  1.25892541e+00  7.00202952e-02  1.25892541e+00 -1.76392985e-04 
 1.58489319e+00  7.00201882e-02  1.58489319e+00 -1.44282846e-05  1.58489319e+00  7.00201897e-02  1.58489319e+00 -2.06058920e-04 
 1.99526231e+00  7.00201175e-02  1.99526231e+00 -1.72592489e-05  1.99526231e+00  7.00201196e-02  1.99526231e+00 -2.46489855e-04 
 2.51188643e+00  7.00200699e-02  2.51188643e+00 -2.10014696e-05  2.51188643e+00  7.00200731e-02  2.51188643e+00 -2.99934990e-04 
 3.16227766e+00  7.00200367e-02  3.16227766e+00 -2.58579598e-05  3.16227766e+00  7.00200415e-02  3.16227766e+00 -3.69293703e-04 
 3.98107171e+00  7.00200111e-02  3.98107171e+00 -3.20893401e-05  3.98107171e+00  7.00200185e-02  3.98107171e+00 -4.58288099e-04 
 5.01187234e+00  7.00199880e-02  5.01187234e+00 -4.00284959e-05  5.01187234e+00  7.00199995e-02  5.01187234e+00 -5.71672355e-04 
 6.30957344e+00  7.00199625e-02  6.30957344e+00 -5.00987490e-05  6.30957344e+00  7.00199804e-02  6.30957344e+00 -7.15492250e-04 
 7.94328235e+00  7.00199291e-02  7.94328235e+00 -6.28366412e-05  7.94328235e+00  7.00199573e-02  7.94328235e+00 -8.97410568e-04 
 1.00000000e+01  7.00198805e-02  1.00000000e+01 -7.89206291e-05  1.00000000e+01  7.00199250e-02  1.00000000e+01 -1.12711697e-03 
 1.25892541e+01  7.00198064e-02  1.25892541e+01 -9.92072713e-05  1.25892541e+01  7.00198767e-02  1.25892541e+01 -1.41684489e-03 
 1.58489319e+01  7.00196908e-02  1.58489319e+01 -1.24776855e-04  1.58489319e+01  7.00198019e-02  1.58489319e+01 -1.78202334e-03 
 1.99526231e+01  7.00195085e-02  1.99526231e+01 -1.56990901e-04  1.99526231e+01  7.00196845e-02  1.99526231e+01 -2.24209854e-03 
 2.51188643e+01  7.00192205e-02  2.51188643e+01 -1.97564593e-04  2.51188643e+01  7.00194992e-02  2.51188643e+01 -2.82156909e-03 
 3.16227766e+01  7.00187644e-02  3.16227766e+01 -2.48657951e-04  3.16227766e+01  7.00192059e-02  3.16227766e+01 -3.55128955e-03 
 3.98107171e+01  7.00180418e-02  3.98107171e+01 -3.12990530e-04  3.98107171e+01  7.00187413e-02  3.98107171e+01 -4.47011138e-03 
 5.01187234e+01  7.00168968e-02  5.01187234e+01 -3.93985568e-04  5.01187234e+01  7.00180052e-02  5.01187234e+01 -5.62694761e-03 
 6.30957344e+01  7.00150823e-02  6.30957344e+01 -4.95950946e-04  6.30957344e+01  7.00168388e-02  6.30957344e+01 -7.08336883e-03 
 7.94328235e+01  7.00122068e-02  7.94328235e+01 -6.24305918e-04  7.94328235e+01  7.00149903e-02  7.94328235e+01 -8.91686465e-03 
 1.00000000e+02  7.00076503e-02  1.00000000e+02 -7.85864365e-04  1.00000000e+02  7.00120610e-02  1.00000000e+02 -1.12249355e-02 
 1.25892541e+02  7.00004304e-02  1.25892541e+02 -9.89186999e-04  1.25892541e+02  7.00074192e-02  1.25892541e+02 -1.41302155e-02 
 1.58489319e+02  6.99889919e-02  1.58489319e+02 -1.24501602e-03  1.58489319e+02  7.00000647e-02  1.58489319e+02 -1.77868646e-02 
 1.99526231e+02  6.99708738e-02  1.99526231e+02 -1.56680490e-03  1.99526231e+02  6.99884138e-02  1.99526231e+02 -2.23885029e-02 
 2.51188643e+02  6.99421856e-02  2.51188643e+02 -1.97135070e-03  2.51188643e+02  6.99699617e-02  2.51188643e+02 -2.81779717e-02 
 3.16227766e+02  6.98967851e-02  3.16227766e+02 -2.47952153e-03  3.16227766e+02  6.99407506e-02  3.16227766e+02 -3.54591735e-02 
 3.98107171e+02  6.98249991e-02  3.98107171e+02 -3.11703708e-03  3.98107171e+02  6.98945378e-02  3.98107171e+02 -4.46110857e-02 
 5.01187234e+02  6.97116481e-02  5.01187234e+02 -3.91518620e-03  5.01187234e+02  6.98215050e-02  5.01187234e+02 -5.61036442e-02 
 6.30957344e+02  6.95330514e-02  6.30957344e+02 -4.91121656e-03  6.30957344e+02  6.97062787e-02  6.30957344e+02 -7.05142922e-02 
 7.94328235e+02  6.92526086e-02  7.94328235e+02 -6.14784736e-03  7.94328235e+02  6.95249583e-02  7.94328235e+02 -8.85421258e-02 
 1.00000000e+03  6.88145837e-02  1.00000000e+03 -7.67084709e-03  1.00000000e+03  6.92408032e-02  1.00000000e+03 -1.11012946e-01 
 1.25892541e+03  6.81360983e-02  1.25892541e+03 -9.52279767e-03  1.25892541e+03  6.87983399e-02  1.25892541e+03 -1.38861937e-01 
 1.58489319e+03  6.70985732e-02  1.58489319e+03 -1.17300910e-02  1.58489319e+03  6.81161769e-02  1.58489319e+03 -1.73069830e-01 
 1.99526231e+03  6.55427959e-02  1.99526231e+03 -1.42795096e-02  1.99526231e+03  6.70802690e-02  1.99526231e+03 -2.14513372e-01 
 2.51188643e+03  6.32771187e-02  2.51188643e+03 -1.70825196e-02  2.51188643e+03  6.55424002e-02  2.51188643e+03 -2.63677919e-01 
 3.16227766e+03  6.01142780e-02  3.16227766e+03 -1.99339130e-02  3.16227766e+03  6.33331454e-02  3.16227766e+03 -3.20190019e-01 
 3.98107171e+03  5.59501877e-02  3.98107171e+03 -2.24902733e-02  3.98107171e+03  6.03012097e-02  3.98107171e+03 -3.82203135e-01 
 5.01187234e+03  5.08712250e-02  5.01187234e+03 -2.43134971e-02  5.01187234e+03  5.63828668e-02  5.01187234e+03 -4.45846040e-01 
 6.30957344e+03  4.52234397e-02  6.30957344e+03 -2.50090892e-02  6.30957344e+03  5.16779841e-02  6.30957344e+03 -5.05152481e-01 
 7.94328235e+03  3.95537998e-02  7.94328235e+03 -2.44075804e-02  7.94328235e+03  4.64783074e-02  7.94328235e+03 -5.52878654e-01 
 1.00000000e+04  3.44175806e-02  1.00000000e+04 -2.26561416e-02  1.00000000e+04  4.12052255e-02  1.00000000e+04 -5.82168615e-01 
 1.25892541e+04  3.01797093e-02  1.25892541e+04 -2.01385843e-02  1.25892541e+04  3.62819160e-02  1.25892541e+04 -5.88433240e-01 
 1.58489319e+04  2.69445306e-02  1.58489319e+04 -1.72956329e-02  1.58489319e+04  3.20179113e-02  1.58489319e+04 -5.70658316e-01 
 1.99526231e+04  2.46183275e-02  1.99526231e+04 -1.44803244e-02  1.99526231e+04  2.85611947e-02  1.99526231e+04 -5.31692538e-01 
 2.51188643e+04  2.30167594e-02  2.51188643e+04 -1.19078743e-02  2.51188643e+04  2.59146423e-02  2.51188643e+04 -4.77436343e-01 
 3.16227766e+04  2.19467766e-02  3.16227766e+04 -9.67408019e-03  3.16227766e+04  2.39843456e-02  3.16227766e+04 -4.15174669e-01 
 3.98107171e+04  2.12462328e-02  3.98107171e+04 -7.79637537e-03  3.98107171e+04  2.26315240e-02  3.98107171e+04 -3.51697440e-01 
 5.01187234e+04  2.07936167e-02  5.01187234e+04 -6.25035045e-03  5.01187234e+04  2.17127008e-02  5.01187234e+04 -2.91997868e-01 
 6.30957344e+04  2.05036875e-02  6.30957344e+04 -4.99407126e-03  6.30957344e+04  2.11031265e-02  6.30957344e+04 -2.38917255e-01 
 7.94328235e+04  2.03189907e-02  7.94328235e+04 -3.98172854e-03  7.94328235e+04  2.07054473e-02  7.94328235e+04 -1.93508849e-01 
 1.00000000e+05  2.02017444e-02  1.00000000e+05 -3.17026055e-03  1.00000000e+05  2.04489860e-02  1.00000000e+05 -1.55660506e-01 
 1.25892541e+05  2.01274818e-02  1.25892541e+05 -2.52198131e-03  1.25892541e+05  2.02848691e-02  1.25892541e+05 -1.24650752e-01 
 1.58489319e+05  2.00805113e-02  1.58489319e+05 -2.00516692e-03  1.58489319e+05  2.01803773e-02  1.58489319e+05 -9.95264401e-02 
 1.99526231e+05  2.00508294e-02  1.99526231e+05 -1.59370737e-03  1.99526231e+05  2.01140663e-02  1.99526231e+05 -7.93166140e-02 
 2.51188643e+05  2.00320832e-02  2.51188643e+05 -1.26640168e-03  2.51188643e+05  2.00720734e-02  2.51188643e+05 -6.31346526e-02 
 3.16227766e+05  2.00202479e-02  3.16227766e+05 -1.00617678e-03  3.16227766e+05  2.00455162e-02  3.16227766e+05 -5.02157071e-02 
 3.98107171e+05  2.00127775e-02  3.98107171e+05 -7.99354039e-04  3.98107171e+05  2.00287351e-02  3.98107171e+05 -3.99209632e-02 
 5.01187234e+05  2.00080628e-02  5.01187234e+05 -6.35009346e-04  5.01187234e+05  2.00181371e-02  5.01187234e+05 -3.17270227e-02 
 6.30957344e+05  2.00050876e-02  6.30957344e+05 -5.04435860e-04  6.30957344e+05  2.00114464e-02  6.30957344e+05 -2.52100366e-02 
 7.94328235e+05  2.00032102e-02  7.94328235e+05 -4.00702687e-04  7.94328235e+05  2.00072232e-02  7.94328235e+05 -2.00292402e-02 
 1.00000000e+06  2.00020255e-02  1.00000000e+06 -3.18296996e-04  1.00000000e+06  2.00045579e-02  1.00000000e+06 -1.59118951e-02 
 1.25892541e+06  2.00012780e-02  1.25892541e+06 -2.52836070e-04  1.25892541e+06  2.00028760e-02  1.25892541e+06 -1.26403224e-02 
 1.58489319e+06  2.00008064e-02  1.58489319e+06 -2.00836723e-04  1.58489319e+06  2.00018147e-02  1.58489319e+06 -1.00410938e-02 
 1.99526231e+06  2.00005088e-02  1.99526231e+06 -1.59531229e-04  1.99526231e+06  2.00011450e-02  1.99526231e+06 -7.97618935e-03 
 2.51188643e+06  2.00003210e-02  2.51188643e+06 -1.26720635e-04  2.51188643e+06  2.00007225e-02  2.51188643e+06 -6.33584526e-03 
 3.16227766e+06  2.00002026e-02  3.16227766e+06 -1.00658017e-04  3.16227766e+06  2.00004559e-02  3.16227766e+06 -5.03280736e-03 
 3.98107171e+06  2.00001278e-02  3.98107171e+06 -7.99556241e-05  3.98107171e+06  2.00002876e-02  3.98107171e+06 -3.99773436e-03 
 5.01187234e+06  2.00000806e-02  5.01187234e+06 -6.35110696e-05  5.01187234e+06  2.00001815e-02  5.01187234e+06 -3.17553000e-03 
 6.30957344e+06  2.00000509e-02  6.30957344e+06 -5.04486659e-05  6.30957344e+06  2.00001145e-02  6.30957344e+06 -2.52242153e-03 
 7.94328235e+06  2.00000321e-02  7.94328235e+06 -4.00728147e-05  7.94328235e+06  2.00000722e-02  7.94328235e+06 -2.00363484e-03 
 1.00000000e+07  2.00000203e-02  1.00000000e+07 -3.18309757e-05  1.00000000e+07  2.00000456e-02  1.00000000e+07 -1.59154583e-03 
