 1.00000000e-03  7.00000000e-02  1.00000000e-03 -7.85398163e-11  1.00000000e-03  7.00000000e-02  1.00000000e-03 -1.12199738e-09 
 1.25892541e-03  7.00000000e-02  1.25892541e-03 -9.88757706e-11  1.25892541e-03  7.00000000e-02  1.25892541e-03 -1.41251101e-09 
 1.58489319e-03  7.00000000e-02  1.58489319e-03 -1.24477220e-10  1.58489319e-03  7.00000000e-02  1.58489319e-03 -1.77824600e-09 
 1.99526231e-03  7.00000000e-02  1.99526231e-03 -1.56707536e-10  1.99526231e-03  7.00000000e-02  1.99526231e-03 -2.23867908e-09 
 2.51188643e-03  7.00000000e-02  2.51188643e-03 -1.97283099e-10  2.51188643e-03  7.00000000e-02  2.51188643e-03 -2.81832999e-09 
 3.16227766e-03  7.00000000e-02  3.16227766e-03 -2.48364707e-10  3.16227766e-03  7.00000000e-02  3.16227766e-03 -3.54806724e-09 
 3.98107171e-03  7.00000000e-02  3.98107171e-03 -3.12672641e-10  3.98107171e-03  7.00000000e-02  3.98107171e-03 -4.46675201e-09 
 5.01187234e-03  7.00000000e-02  5.01187234e-03 -3.93631533e-10  5.01187234e-03  7.00000000e-02  5.01187234e-03 -5.62330761e-09 
 6.30957344e-03  7.00000000e-02  6.30957344e-03 -4.95552740e-10  6.30957344e-03  7.00000000e-02  6.30957344e-03 -7.07932485e-09 
 7.94328235e-03  7.00000000e-02  7.94328235e-03 -6.23863937e-10  7.94328235e-03  7.00000000e-02  7.94328235e-03 -8.91234195e-09 
 1.00000000e-02  7.00000000e-02  1.00000000e-02 -7.85398163e-10  1.00000000e-02  7.00000000e-02  1.00000000e-02 -1.12199738e-08 
 1.25892541e-02  7.00000000e-02  1.25892541e-02 -9.88757706e-10  1.25892541e-02  7.00000000e-02  1.25892541e-02 -1.41251101e-08 
 1.58489319e-02  7.00000000e-02  1.58489319e-02 -1.24477220e-09  1.58489319e-02  7.00000000e-02  1.58489319e-02 -1.77824600e-08 
 1.99526231e-02  7.00000000e-02  1.99526231e-02 -1.56707536e-09  1.99526231e-02  7.00000000e-02  1.99526231e-02 -2.23867908e-08 
 2.51188643e-02  7.00000000e-02  2.51188643e-02 -1.97283099e-09  2.51188643e-02  7.00000000e-02  2.51188643e-02 -2.81832999e-08 
 3.16227766e-02  7.00000000e-02  3.16227766e-02 -2.48364707e-09  3.16227766e-02  7.00000000e-02  3.16227766e-02 -3.54806724e-08 
 3.98107171e-02  7.00000000e-02  3.98107171e-02 -3.12672641e-09  3.98107171e-02  7.00000000e-02  3.98107171e-02 -4.46675201e-08 
 5.01187234e-02  7.00000000e-02  5.01187234e-02 -3.93631533e-09  5.01187234e-02  7.00000000e-02  5.01187234e-02 -5.62330761e-08 
 6.30957344e-02  7.00000000e-02  6.30957344e-02 -4.95552740e-09  6.30957344e-02  7.00000000e-02  6.30957344e-02 -7.07932485e-08 
 7.94328235e-02  7.00000000e-02  7.94328235e-02 -6.23863937e-09  7.94328235e-02  7.00000000e-02  7.94328235e-02 -8.91234195e-08 
 1.00000000e-01  7.00000000e-02  1.00000000e-01 -7.85398163e-09  1.00000000e-01  7.00000000e-02  1.00000000e-01 -1.12199738e-07 
 1.25892541e-01  7.00000000e-02  1.25892541e-01 -9.88757706e-09  1.25892541e-01  7.00000000e-02  1.25892541e-01 -1.41251101e-07 
 1.58489319e-01  7.00000000e-02  1.58489319e-01 -1.24477220e-08  1.58489319e-01  7.00000000e-02  1.58489319e-01 -1.77824600e-07 
 1.99526231e-01  7.00000000e-02  1.99526231e-01 -1.56707536e-08  1.99526231e-01  7.00000000e-02  1.99526231e-01 -2.23867908e-07 
 2.51188643e-01  7.00000000e-02  2.51188643e-01 -1.97283099e-08  2.51188643e-01  7.00000000e-02  2.51188643e-01 -2.81832999e-07 
 3.16227766e-01  7.00000000e-02  3.16227766e-01 -2.48364707e-08  3.16227766e-01  7.00000000e-02  3.16227766e-01 -3.54806724e-07 
 3.98107171e-01  7.00000000e-02  3.98107171e-01 -3.12672641e-08  3.98107171e-01  7.00000000e-02  3.98107171e-01 -4.46675201e-07 
 5.01187234e-01  7.00000000e-02  5.01187234e-01 -3.93631533e-08  5.01187234e-01  7.00000000e-02  5.01187234e-01 -5.62330761e-07 
 6.30957344e-01  7.00000000e-02  6.30957344e-01 -4.95552740e-08  6.30957344e-01  7.00000000e-02  6.30957344e-01 -7.07932485e-07 
 7.94328235e-01  7.00000000e-02  7.94328235e-01 -6.23863937e-08  7.94328235e-01  7.00000000e-02  7.94328235e-01 -8.91234195e-07 
 1.00000000e+00  7.00000000e-02  1.00000000e+00 -7.85398163e-08  1.00000000e+00  7.00000000e-02  1.00000000e+00 -1.12199738e-06 
 1.25892541e+00  7.00000000e-02  1.25892541e+00 -9.88757706e-08  1.25892541e+00  7.00000000e-02  1.25892541e+00 -1.41251101e-06 
 1.58489319e+00  7.00000000e-02  1.58489319e+00 -1.24477220e-07  1.58489319e+00  7.00000000e-02  1.58489319e+00 -1.77824600e-06 
 1.99526231e+00  7.00000000e-02  1.99526231e+00 -1.56707536e-07  1.99526231e+00  7.00000000e-02  1.99526231e+00 -2.23867908e-06 
 2.51188643e+00  7.00000000e-02  2.51188643e+00 -1.97283099e-07  2.51188643e+00  7.00000000e-02  2.51188643e+00 -2.81832999e-06 
 3.16227766e+00  7.00000000e-02  3.16227766e+00 -2.48364707e-07  3.16227766e+00  7.00000000e-02  3.16227766e+00 -3.54806724e-06 
 3.98107171e+00  7.00000000e-02  3.98107171e+00 -3.12672641e-07  3.98107171e+00  7.00000000e-02  3.98107171e+00 -4.46675201e-06 
 5.01187234e+00  7.00000000e-02  5.01187234e+00 -3.93631533e-07  5.01187234e+00  7.00000000e-02  5.01187234e+00 -5.62330761e-06 
 6.30957344e+00  7.00000000e-02  6.30957344e+00 -4.95552739e-07  6.30957344e+00  7.00000000e-02  6.30957344e+00 -7.07932485e-06 
 7.94328235e+00  7.00000000e-02  7.94328235e+00 -6.23863937e-07  7.94328235e+00  7.00000000e-02  7.94328235e+00 -8.91234195e-06 
 1.00000000e+01  7.00000000e-02  1.00000000e+01 -7.85398163e-07  1.00000000e+01  7.00000000e-02  1.00000000e+01 -1.12199738e-05 
 1.25892541e+01  7.00000000e-02  1.25892541e+01 -9.88757706e-07  1.25892541e+01  7.00000000e-02  1.25892541e+01 -1.41251101e-05 
 1.58489319e+01  7.00000000e-02  1.58489319e+01 -1.24477220e-06  1.58489319e+01  7.00000000e-02  1.58489319e+01 -1.77824600e-05 
 1.99526231e+01  7.00000000e-02  1.99526231e+01 -1.56707536e-06  1.99526231e+01  7.00000000e-02  1.99526231e+01 -2.23867908e-05 
 2.51188643e+01  6.99999999e-02  2.51188643e+01 -1.97283099e-06  2.51188643e+01  6.99999999e-02  2.51188643e+01 -2.81832998e-05 
 3.16227766e+01  6.99999999e-02  3.16227766e+01 -2.48364706e-06  3.16227766e+01  6.99999999e-02  3.16227766e+01 -3.54806723e-05 
 3.98107171e+01  6.99999998e-02  3.98107171e+01 -3.12672639e-06  3.98107171e+01  6.99999999e-02  3.98107171e+01 -4.46675200e-05 
 5.01187234e+01  6.99999997e-02  5.01187234e+01 -3.93631530e-06  5.01187234e+01  6.99999998e-02  5.01187234e+01 -5.62330760e-05 
 6.30957344e+01  6.99999995e-02  6.30957344e+01 -4.95552735e-06  6.30957344e+01  6.99999997e-02  6.30957344e+01 -7.07932482e-05 
 7.94328235e+01  6.99999992e-02  7.94328235e+01 -6.23863927e-06  7.94328235e+01  6.99999995e-02  7.94328235e+01 -8.91234189e-05 
 1.00000000e+02  6.99999988e-02  1.00000000e+02 -7.85398144e-06  1.00000000e+02  6.99999992e-02  1.00000000e+02 -1.12199736e-04 
 1.25892541e+02  6.99999980e-02  1.25892541e+02 -9.88757668e-06  1.25892541e+02  6.99999987e-02  1.25892541e+02 -1.41251098e-04 
 1.58489319e+02  6.99999969e-02  1.58489319e+02 -1.24477213e-05  1.58489319e+02  6.99999980e-02  1.58489319e+02 -1.77824595e-04 
 1.99526231e+02  6.99999951e-02  1.99526231e+02 -1.56707520e-05  1.99526231e+02  6.99999968e-02  1.99526231e+02 -2.23867898e-04 
 2.51188643e+02  6.99999922e-02  2.51188643e+02 -1.97283068e-05  2.51188643e+02  6.99999950e-02  2.51188643e+02 -2.81832979e-04 
 3.16227766e+02  6.99999877e-02  3.16227766e+02 -2.48364645e-05  3.16227766e+02  6.99999921e-02  3.16227766e+02 -3.54806684e-04 
 3.98107171e+02  6.99999804e-02  3.98107171e+02 -3.12672518e-05  3.98107171e+02  6.99999874e-02  3.98107171e+02 -4.46675121e-04 
 5.01187234e+02  6.99999690e-02  5.01187234e+02 -3.93631289e-05  5.01187234e+02  6.99999801e-02  5.01187234e+02 -5.62330602e-04 
 6.30957344e+02  6.99999509e-02  6.30957344e+02 -4.95552253e-05  6.30957344e+02  6.99999684e-02  6.30957344e+02 -7.07932168e-04 
 7.94328235e+02  6.99999222e-02  7.94328235e+02 -6.23862965e-05  7.94328235e+02  6.99999500e-02  7.94328235e+02 -8.91233563e-04 
 1.00000000e+03  6.99998766e-02  1.00000000e+03 -7.85396226e-05  1.00000000e+03  6.99999207e-02  1.00000000e+03 -1.12199611e-03 
 1.25892541e+03  6.99998045e-02  1.25892541e+03 -9.88753840e-05  1.25892541e+03  6.99998743e-02  1.25892541e+03 -1.41250849e-03 
 1.58489319e+03  6.99996901e-02  1.58489319e+03 -1.24476449e-04  1.58489319e+03  6.99998008e-02  1.58489319e+03 -1.77824098e-03 
 1.99526231e+03  6.99995089e-02  1.99526231e+03 -1.56705996e-04  1.99526231e+03  6.99996843e-02  1.99526231e+03 -2.23866906e-03 
 2.51188643e+03  6.99992216e-02  2.51188643e+03 -1.97280028e-04  2.51188643e+03  6.99994996e-02  2.51188643e+03 -2.81830999e-03 
 3.16227766e+03  6.99987663e-02  3.16227766e+03 -2.48358579e-04  3.16227766e+03  6.99992069e-02  3.16227766e+03 -3.54802734e-03 
 3.98107171e+03  6.99980448e-02  3.98107171e+03 -3.12660414e-04  3.98107171e+03  6.99987431e-02  3.98107171e+03 -4.46667240e-03 
 5.01187234e+03  6.99969013e-02  5.01187234e+03 -3.93607138e-04  5.01187234e+03  6.99980079e-02  5.01187234e+03 -5.62314877e-03 
 6.30957344e+03  6.99950890e-02  6.30957344e+03 -4.95504067e-04  6.30957344e+03  6.99968429e-02  6.30957344e+03 -7.07900792e-03 
 7.94328235e+03  6.99922171e-02  7.94328235e+03 -6.23766827e-04  7.94328235e+03  6.99949965e-02  7.94328235e+03 -8.91170962e-03 
 1.00000000e+04  6.99876660e-02  1.00000000e+04 -7.85204422e-04  1.00000000e+04  6.99920706e-02  1.00000000e+04 -1.12187122e-02 
 1.25892541e+04  6.99804548e-02  1.25892541e+04 -9.88371197e-04  1.25892541e+04  6.99874341e-02  1.25892541e+04 -1.41225931e-02 
 1.58489319e+04  6.99690300e-02  1.58489319e+04 -1.24400119e-03  1.58489319e+04  6.99800879e-02  1.58489319e+04 -1.77774386e-02 
 1.99526231e+04  6.99509337e-02  1.99526231e+04 -1.56553755e-03  1.99526231e+04  6.99684503e-02  1.99526231e+04 -2.23767741e-02 
 2.51188643e+04  6.99222798e-02  2.51188643e+04 -1.96976441e-03  2.51188643e+04  6.99500191e-02  2.51188643e+04 -2.81633208e-02 
 3.16227766e+04  6.98769336e-02  3.16227766e+04 -2.47753400e-03  3.16227766e+04  6.99208411e-02  3.16227766e+04 -3.54408312e-02 
 3.98107171e+04  6.98052333e-02  3.98107171e+04 -3.11454676e-03  3.98107171e+04  6.98746806e-02  3.98107171e+04 -4.45880965e-02 
 5.01187234e+04  6.96920173e-02  5.01187234e+04 -3.91206898e-03  5.01187234e+04  6.98017303e-02  5.01187234e+04 -5.60748264e-02 
 6.30957344e+04  6.95136325e-02  6.30957344e+04 -4.90732325e-03  6.30957344e+04  6.96866338e-02  6.30957344e+04 -7.04781954e-02 
 7.94328235e+04  6.92335203e-02  7.94328235e+04 -6.14300356e-03  7.94328235e+04  6.95055165e-02  7.94328235e+04 -8.84969939e-02 
 1.00000000e+05  6.87960068e-02  1.00000000e+05 -7.66485882e-03  1.00000000e+05  6.92216773e-02  1.00000000e+05 -1.10956701e-01 
 1.25892541e+05  6.81183015e-02  1.25892541e+05 -9.51546828e-03  1.25892541e+05  6.87797000e-02  1.25892541e+05 -1.38792215e-01 
 1.58489319e+05  6.70819407e-02  1.58489319e+05 -1.17212582e-02  1.58489319e+05  6.80982721e-02  1.58489319e+05 -1.72984122e-01 
 1.99526231e+05  6.55278450e-02  1.99526231e+05 -1.42691128e-02  1.99526231e+05  6.70634479e-02  1.99526231e+05 -2.14409353e-01 
 2.51188643e+05  6.32644785e-02  2.51188643e+05 -1.70707008e-02  2.51188643e+05  6.55271170e-02  2.51188643e+05 -2.63554065e-01 
 3.16227766e+05  6.01045892e-02  3.16227766e+05 -1.99211291e-02  3.16227766e+05  6.33199260e-02  3.16227766e+05 -3.20046547e-01 
 3.98107171e+05  5.59438974e-02  3.98107171e+05 -2.24773466e-02  3.98107171e+05  6.02905529e-02  3.98107171e+05 -3.82043111e-01 
 5.01187234e+05  5.08683298e-02  5.01187234e+05 -2.43014959e-02  5.01187234e+05  5.63750803e-02  5.01187234e+05 -4.45676115e-01 
 6.30957344e+05  4.52233519e-02  6.30957344e+05 -2.49990023e-02  6.30957344e+05  5.16730265e-02  6.30957344e+05 -5.04982477e-01 
 7.94328235e+05  3.95555046e-02  7.94328235e+05 -2.43999481e-02  7.94328235e+05  4.64757508e-02  7.94328235e+05 -5.52719638e-01 
 1.00000000e+06  3.44200220e-02  1.00000000e+06 -2.26509175e-02  1.00000000e+06  4.12043927e-02  1.00000000e+06 -5.82030138e-01 
 1.25892541e+06  3.01821231e-02  1.25892541e+06 -2.01353054e-02  1.25892541e+06  3.62821042e-02  1.25892541e+06 -5.88321141e-01 
 1.58489319e+06  2.69465368e-02  1.58489319e+06 -1.72937117e-02  1.58489319e+06  3.20185619e-02  1.58489319e+06 -5.70573977e-01 
 1.99526231e+06  2.46198336e-02  1.99526231e+06 -1.44792547e-02  1.99526231e+06  2.85619506e-02  1.99526231e+06 -5.31633523e-01 
 2.51188643e+06  2.30178205e-02  2.51188643e+06 -1.19072996e-02  2.51188643e+06  2.59153207e-02  2.51188643e+06 -4.77397836e-01 
 3.16227766e+06  2.19474947e-02  3.16227766e+06 -9.67377893e-03  3.16227766e+06  2.39848811e-02  3.16227766e+06 -4.15151100e-01 
 3.98107171e+06  2.12467064e-02  3.98107171e+06 -7.79621995e-03  3.98107171e+06  2.26319151e-02  3.98107171e+06 -3.51683783e-01 
 5.01187234e+06  2.07939241e-02  5.01187234e+06 -6.25027111e-03  5.01187234e+06  2.17129723e-02  5.01187234e+06 -2.91990293e-01 
 6.30957344e+06  2.05038849e-02  6.30957344e+06 -4.99403102e-03  6.30957344e+06  2.11033088e-02  6.30957344e+06 -2.38913188e-01 
 7.94328235e+06  2.03191167e-02  7.94328235e+06 -3.98170822e-03  7.94328235e+06  2.07055670e-02  7.94328235e+06 -1.93506716e-01 
 1.00000000e+07  2.02018244e-02  1.00000000e+07 -3.17025032e-03  1.00000000e+07  2.04490635e-02  1.00000000e+07 -1.55659405e-01 
