 1.00000000e-03  6.19789805e-01  1.00000000e-03 -3.88517085e-03  1.00000000e-03  6.19801982e-01  1.00000000e-03 -6.26844768e-03 
 1.25892541e-03  6.19667448e-01  1.25892541e-03 -4.88268718e-03  1.25892541e-03  6.19686685e-01  1.25892541e-03 -7.87936520e-03 
 1.58489319e-03  6.19474404e-01  1.58489319e-03 -6.13014929e-03  1.58489319e-03  6.19504735e-01  1.58489319e-03 -9.89540353e-03 
 1.99526231e-03  6.19170636e-01  1.99526231e-03 -7.68414083e-03  1.99526231e-03  6.19218316e-01  1.99526231e-03 -1.24097396e-02 
 2.51188643e-03  6.18694610e-01  2.51188643e-03 -9.60814596e-03  2.51188643e-03  6.18769211e-01  2.51188643e-03 -1.55284586e-02 
 3.16227766e-03  6.17953459e-01  3.16227766e-03 -1.19673349e-02  3.16227766e-03  6.18069328e-01  3.16227766e-03 -1.93636576e-02 
 3.98107171e-03  6.16811076e-01  3.98107171e-03 -1.48164479e-02  3.98107171e-03  6.16989003e-01  3.98107171e-03 -2.40164286e-02 
 5.01187234e-03  6.15077274e-01  5.01187234e-03 -1.81760761e-02  5.01187234e-03  6.15345775e-01  5.01187234e-03 -2.95422849e-02 
 6.30957344e-03  6.12506659e-01  6.30957344e-03 -2.19926542e-02  6.30957344e-03  6.12901366e-01  6.30957344e-03 -3.58905653e-02 
 7.94328235e-03  6.08824352e-01  7.94328235e-03 -2.60831891e-02  7.94328235e-03  6.09382823e-01  7.94328235e-03 -4.28157130e-02 
 1.00000000e-02  6.03801356e-01  1.00000000e-02 -3.00837603e-02  1.00000000e-02  6.04550337e-01  1.00000000e-02 -4.97827695e-02 
 1.25892541e-02  5.97387122e-01  1.25892541e-02 -3.34511665e-02  1.25892541e-02  5.98322951e-01  1.25892541e-02 -5.59373788e-02 
 1.58489319e-02  5.89850180e-01  1.58489319e-02 -3.55809497e-02  1.58489319e-02  5.90922363e-01  1.58489319e-02 -6.02490059e-02 
 1.99526231e-02  5.81807145e-01  1.99526231e-02 -3.60431901e-02  1.99526231e-02  5.82922521e-01  1.99526231e-02 -6.18713379e-02 
 2.51188643e-02  5.74046479e-01  2.51188643e-02 -3.48023421e-02  2.51188643e-02  5.75100481e-01  2.51188643e-02 -6.05522338e-02 
 3.16227766e-02  5.67227299e-01  3.16227766e-02 -3.22385183e-02  3.16227766e-02  5.68142703e-01  3.16227766e-02 -5.67741938e-02 
 3.98107171e-02  5.61667619e-01  3.98107171e-02 -2.89479513e-02  3.98107171e-02  5.62413103e-01  3.98107171e-02 -5.14937297e-02 
 5.01187234e-02  5.57341268e-01  5.01187234e-02 -2.54892418e-02  5.01187234e-02  5.57923821e-01  5.01187234e-02 -4.57017894e-02 
 6.30957344e-02  5.54016287e-01  6.30957344e-02 -2.22333925e-02  6.30957344e-02  5.54462235e-01  6.30957344e-02 -4.01097743e-02 
 7.94328235e-02  5.51409410e-01  7.94328235e-02 -1.93440167e-02  7.94328235e-02  5.51748610e-01  7.94328235e-02 -3.50666616e-02 
 1.00000000e-01  5.49287558e-01  1.00000000e-01 -1.68349144e-02  1.00000000e-01  5.49545481e-01  1.00000000e-01 -3.06390449e-02 
 1.25892541e-01  5.47504674e-01  1.25892541e-01 -1.46496365e-02  1.25892541e-01  5.47700630e-01  1.25892541e-01 -2.67507158e-02 
 1.58489319e-01  5.45987977e-01  1.58489319e-01 -1.27250015e-02  1.58489319e-01  5.46136243e-01  1.58489319e-01 -2.33021582e-02 
 1.99526231e-01  5.44702236e-01  1.99526231e-01 -1.10185076e-02  1.99526231e-01  5.44813669e-01  1.99526231e-01 -2.02257386e-02 
 2.51188643e-01  5.43622855e-01  2.51188643e-01 -9.50532784e-03  2.51188643e-01  5.43705950e-01  2.51188643e-01 -1.74833696e-02 
 3.16227766e-01  5.42728478e-01  3.16227766e-01 -8.16818214e-03  3.16227766e-01  5.42789941e-01  3.16227766e-01 -1.50490822e-02 
 3.98107171e-01  5.42001975e-01  3.98107171e-01 -6.99481826e-03  3.98107171e-01  5.42047109e-01  3.98107171e-01 -1.29048053e-02 
 5.01187234e-01  5.41428513e-01  5.01187234e-01 -5.97978584e-03  5.01187234e-01  5.41461533e-01  5.01187234e-01 -1.10440115e-02 
 6.30957344e-01  5.40991357e-01  6.30957344e-01 -5.12346128e-03  6.30957344e-01  5.41015617e-01  6.30957344e-01 -9.47022175e-03 
 7.94328235e-01  5.40670093e-01  7.94328235e-01 -4.42833804e-03  7.94328235e-01  5.40688227e-01  7.94328235e-01 -8.19027921e-03 
 1.00000000e+00  5.40442009e-01  1.00000000e+00 -3.89596063e-03  1.00000000e+00  5.40456051e-01  1.00000000e+00 -7.20871635e-03 
 1.25892541e+00  5.40284753e-01  1.25892541e+00 -3.52608626e-03  1.25892541e+00  5.40296259e-01  1.25892541e+00 -6.52625525e-03 
 1.58489319e+00  5.40178600e-01  1.58489319e+00 -3.31778130e-03  1.58489319e+00  5.40188789e-01  1.58489319e+00 -6.14193080e-03 
 1.99526231e+00  5.40107605e-01  1.99526231e+00 -3.27155036e-03  1.99526231e+00  5.40117513e-01  1.99526231e+00 -6.05714551e-03 
 2.51188643e+00  5.40059652e-01  2.51188643e+00 -3.39166364e-03  2.51188643e+00  5.40070302e-01  2.51188643e+00 -6.28008227e-03 
 3.16227766e+00  5.40025803e-01  3.16227766e+00 -3.68824089e-03  3.16227766e+00  5.40038397e-01  3.16227766e+00 -6.82964319e-03 
 3.98107171e+00  5.39999349e-01  3.98107171e+00 -4.17905832e-03  3.98107171e+00  5.40015519e-01  3.98107171e+00 -7.73885174e-03 
 5.01187234e+00  5.39974829e-01  5.01187234e+00 -4.89126782e-03  5.01187234e+00  5.39996982e-01  5.01187234e+00 -9.05807785e-03 
 6.30957344e+00  5.39947055e-01  6.30957344e+00 -5.86327292e-03  6.30957344e+00  5.39978889e-01  6.30957344e+00 -1.08585507e-02 
 7.94328235e+00  5.39910075e-01  7.94328235e+00 -7.14698554e-03  7.94328235e+00  5.39957376e-01  7.94328235e+00 -1.32365897e-02 
 1.00000000e+01  5.39855929e-01  1.00000000e+01 -8.81065644e-03  1.00000000e+01  5.39927821e-01  1.00000000e+01 -1.63189359e-02 
 1.25892541e+01  5.39772952e-01  1.25892541e+01 -1.09424519e-02  1.25892541e+01  5.39883855e-01  1.25892541e+01 -2.02695471e-02 
 1.58489319e+01  5.39643276e-01  1.58489319e+01 -1.36549352e-02  1.58489319e+01  5.39816008e-01  1.58489319e+01 -2.52982343e-02 
 1.99526231e+01  5.39439007e-01  1.99526231e+01 -1.70905845e-02  1.99526231e+01  5.39709672e-01  1.99526231e+01 -3.16715504e-02 
 2.51188643e+01  5.39116298e-01  2.51188643e+01 -2.14284073e-02  2.51188643e+01  5.39541991e-01  2.51188643e+01 -3.97263698e-02 
 3.16227766e+01  5.38606107e-01  3.16227766e+01 -2.68915289e-02  3.16227766e+01  5.39277009e-01  3.16227766e+01 -4.98865809e-02 
 3.98107171e+01  5.37799839e-01  3.98107171e+01 -3.37552198e-02  3.98107171e+01  5.38858128e-01  3.98107171e+01 -6.26831688e-02 
 5.01187234e+01  5.36527289e-01  5.01187234e+01 -4.23539599e-02  5.01187234e+01  5.38196424e-01  5.01187234e+01 -7.87775564e-02 
 6.30957344e+01  5.34523307e-01  6.30957344e+01 -5.30844046e-02  6.30957344e+01  5.37152790e-01  6.30957344e+01 -9.89870955e-02 
 7.94328235e+01  5.31378936e-01  7.94328235e+01 -6.63978410e-02  7.94328235e+01  5.35511201e-01  7.94328235e+01 -1.24309549e-01 
 1.00000000e+02  5.26473454e-01  1.00000000e+02 -8.27699418e-02  1.00000000e+02  5.32940110e-01  1.00000000e+02 -1.55939379e-01 
 1.25892541e+02  5.18888708e-01  1.25892541e+02 -1.02626516e-01  1.25892541e+02  5.28940160e-01  1.25892541e+02 -1.95261347e-01 
 1.58489319e+02  5.07322261e-01  1.58489319e+02 -1.26192709e-01  1.58489319e+02  5.22781480e-01  1.58489319e+02 -2.43794973e-01 
 1.99526231e+02  4.90050348e-01  1.99526231e+02 -1.53228123e-01  1.99526231e+02  5.13447369e-01  1.99526231e+02 -3.03047321e-01 
 2.51188643e+02  4.65050717e-01  2.51188643e+02 -1.82636897e-01  2.51188643e+02  4.99628267e-01  2.51188643e+02 -3.74218863e-01 
 3.16227766e+02  4.30452619e-01  3.16227766e+02 -2.12047192e-01  3.16227766e+02  4.79847339e-01  3.16227766e+02 -4.57721753e-01 
 3.98107171e+02  3.85428510e-01  3.98107171e+02 -2.37665375e-01  3.98107171e+02  4.52813391e-01  3.98107171e+02 -5.52555139e-01 
 5.01187234e+02  3.31306887e-01  5.01187234e+02 -2.54887434e-01  5.01187234e+02  4.18009399e-01  5.01187234e+02 -6.55763856e-01 
 6.30957344e+02  2.72125498e-01  6.30957344e+02 -2.59880728e-01  6.30957344e+02  3.76284838e-01  6.30957344e+02 -7.62386010e-01 
 7.94328235e+02  2.13749221e-01  7.94328235e+02 -2.51417650e-01  7.94328235e+02  3.29999340e-01  7.94328235e+02 -8.66200164e-01 
 1.00000000e+03  1.61737223e-01  1.00000000e+03 -2.31546789e-01  1.00000000e+03  2.82440870e-01  1.00000000e+03 -9.61072586e-01 
 1.25892541e+03  1.19432290e-01  1.25892541e+03 -2.04494524e-01  1.25892541e+03  2.36816558e-01  1.25892541e+03 -1.04219731e+00 
 1.58489319e+03  8.75009579e-02  1.58489319e+03 -1.74768758e-01  1.58489319e+03  1.95449575e-01  1.58489319e+03 -1.10661522e+00 
 1.99526231e+03  6.47332245e-02  1.99526231e+03 -1.45808832e-01  1.99526231e+03  1.59532460e-01  1.99526231e+03 -1.15297697e+00 
 2.51188643e+03  4.91502083e-02  2.51188643e+03 -1.19617614e-01  2.51188643e+03  1.29321756e-01  2.51188643e+03 -1.18093365e+00 
 3.16227766e+03  3.87810857e-02  3.16227766e+03 -9.70228600e-02  3.16227766e+03  1.04486401e-01  3.16227766e+03 -1.19053928e+00 
 3.98107171e+03  3.20101491e-02  3.98107171e+03 -7.81091149e-02  3.98107171e+03  8.44137635e-02  3.98107171e+03 -1.18185899e+00 
 5.01187234e+03  2.76430391e-02  5.01187234e+03 -6.25776658e-02  5.01187234e+03  6.84112701e-02  5.01187234e+03 -1.15483287e+00 
 6.30957344e+03  2.48487329e-02  6.30957344e+03 -4.99783041e-02  6.30957344e+03  5.58147866e-02  6.30957344e+03 -1.10939893e+00 
 7.94328235e+03  2.30699078e-02  7.94328235e+03 -3.98362613e-02  7.94328235e+03  4.60342086e-02  7.94328235e+03 -1.04587255e+00 
 1.00000000e+04  2.19412103e-02  1.00000000e+04 -3.17121593e-02  1.00000000e+04  3.85626471e-02  1.00000000e+04 -9.65536544e-01 
