 1.00000000e-03  7.00439987e-02  1.00000000e-03 -1.59168999e-03  1.00000000e-03  7.00620812e-02  1.00000000e-03 -2.27202348e-02 
 1.25892541e-03  7.00439982e-02  1.25892541e-03 -1.26438960e-03  1.25892541e-03  7.00554092e-02  1.25892541e-03 -1.80494021e-02 
 1.58489319e-03  7.00439974e-02  1.58489319e-03 -1.00442256e-03  1.58489319e-03  7.00511987e-02  1.58489319e-03 -1.43388978e-02 
 1.99526231e-03  7.00439962e-02  1.99526231e-03 -7.97944681e-04  1.99526231e-03  7.00485411e-02  1.99526231e-03 -1.13915569e-02 
 2.51188643e-03  7.00439942e-02  2.51188643e-03 -6.33960244e-04  2.51188643e-03  7.00468631e-02  2.51188643e-03 -9.05063940e-03 
 3.16227766e-03  7.00439912e-02  3.16227766e-03 -5.03736464e-04  3.16227766e-03  7.00458025e-02  3.16227766e-03 -7.19159162e-03 
 3.98107171e-03  7.00439863e-02  3.98107171e-03 -4.00338412e-04  3.98107171e-03  7.00451304e-02  3.98107171e-03 -5.71546644e-03 
 5.01187234e-03  7.00439786e-02  5.01187234e-03 -3.18259689e-04  5.01187234e-03  7.00447016e-02  5.01187234e-03 -4.54368106e-03 
 6.30957344e-03  7.00439664e-02  6.30957344e-03 -2.53129154e-04  6.30957344e-03  7.00444237e-02  6.30957344e-03 -3.61384520e-03 
 7.94328235e-03  7.00439470e-02  7.94328235e-03 -2.01478069e-04  7.94328235e-03  7.00442368e-02  7.94328235e-03 -2.87644431e-03 
 1.00000000e-02  7.00439165e-02  1.00000000e-02 -1.60555232e-04  1.00000000e-02  7.00441005e-02  1.00000000e-02 -2.29220407e-03 
 1.25892541e-02  7.00438682e-02  1.25892541e-02 -1.28180177e-04  1.25892541e-02  7.00439855e-02  1.25892541e-02 -1.82999650e-03 
 1.58489319e-02  7.00437923e-02  1.58489319e-02 -1.02626494e-04  1.58489319e-02  7.00438675e-02  1.58489319e-02 -1.46517511e-03 
 1.99526231e-02  7.00436731e-02  1.99526231e-02 -8.25288077e-05  1.99526231e-02  7.00437217e-02  1.99526231e-02 -1.17824731e-03 
 2.51188643e-02  7.00434872e-02  2.51188643e-02 -6.68080124e-05  2.51188643e-02  7.00435190e-02  2.51188643e-02 -9.53807339e-04 
 3.16227766e-02  7.00431998e-02  3.16227766e-02 -5.46100511e-05  3.16227766e-02  7.00432210e-02  3.16227766e-02 -7.79662268e-04 
 3.98107171e-02  7.00427615e-02  3.98107171e-02 -4.52539041e-05  3.98107171e-02  7.00427762e-02  3.98107171e-02 -6.46089571e-04 
 5.01187234e-02  7.00421074e-02  5.01187234e-02 -3.81849485e-05  5.01187234e-02  7.00421178e-02  5.01187234e-02 -5.45171271e-04 
 6.30957344e-02  7.00411607e-02  6.30957344e-02 -3.29314042e-05  6.30957344e-02  7.00411684e-02  6.30957344e-02 -4.70172131e-04 
 7.94328235e-02  7.00398504e-02  7.94328235e-02 -2.90659887e-05  7.94328235e-02  7.00398565e-02  7.94328235e-02 -4.14992135e-04 
 1.00000000e-01  7.00381435e-02  1.00000000e-01 -2.61829991e-05  1.00000000e-01  7.00381484e-02  1.00000000e-01 -3.73839119e-04 
 1.25892541e-01  7.00360844e-02  1.25892541e-01 -2.39072720e-05  1.25892541e-01  7.00360885e-02  1.25892541e-01 -3.41356478e-04 
 1.58489319e-01  7.00338127e-02  1.58489319e-01 -2.19405270e-05  1.58489319e-01  7.00338162e-02  1.58489319e-01 -3.13284761e-04 
 1.99526231e-01  7.00315280e-02  1.99526231e-01 -2.01160836e-05  1.99526231e-01  7.00315309e-02  1.99526231e-01 -2.87243240e-04 
 2.51188643e-01  7.00294125e-02  2.51188643e-01 -1.84100590e-05  2.51188643e-01  7.00294150e-02  2.51188643e-01 -2.62890376e-04 
 3.16227766e-01  7.00275684e-02  3.16227766e-01 -1.68906818e-05  3.16227766e-01  7.00275704e-02  3.16227766e-01 -2.41200457e-04 
 3.98107171e-01  7.00260111e-02  3.98107171e-01 -1.56459786e-05  3.98107171e-01  7.00260128e-02  3.98107171e-01 -2.23430952e-04 
 5.01187234e-01  7.00247084e-02  5.01187234e-01 -1.47409917e-05  5.01187234e-01  7.00247100e-02  5.01187234e-01 -2.10511286e-04 
 6.30957344e-01  7.00236215e-02  6.30957344e-01 -1.42176467e-05  6.30957344e-01  7.00236229e-02  6.30957344e-01 -2.03040720e-04 
 7.94328235e-01  7.00227231e-02  7.94328235e-01 -1.41160545e-05  7.94328235e-01  7.00227245e-02  7.94328235e-01 -2.01592478e-04 
 1.00000000e+00  7.00219958e-02  1.00000000e+00 -1.44926328e-05  1.00000000e+00  7.00219973e-02  1.00000000e+00 -2.06972572e-04 
 1.25892541e+00  7.00214237e-02  1.25892541e+00 -1.54273109e-05  1.25892541e+00  7.00214254e-02  1.25892541e+00 -2.20322722e-04 
 1.58489319e+00  7.00209882e-02  1.58489319e+00 -1.70253719e-05  1.58489319e+00  7.00209903e-02  1.58489319e+00 -2.43146691e-04 
 1.99526231e+00  7.00206679e-02  1.99526231e+00 -1.94198009e-05  1.99526231e+00  7.00206706e-02  1.99526231e+00 -2.77343833e-04 
 2.51188643e+00  7.00204393e-02  2.51188643e+00 -2.27762110e-05  2.51188643e+00  7.00204430e-02  2.51188643e+00 -3.25279452e-04 
 3.16227766e+00  7.00202797e-02  3.16227766e+00 -2.73011135e-05  3.16227766e+00  7.00202850e-02  3.16227766e+00 -3.89902929e-04 
 3.98107171e+00  7.00201685e-02  3.98107171e+00 -3.32540234e-05  3.98107171e+00  7.00201764e-02  3.98107171e+00 -4.74920607e-04 
 5.01187234e+00  7.00200888e-02  5.01187234e+00 -4.09634142e-05  5.01187234e+00  7.00201008e-02  5.01187234e+00 -5.85023673e-04 
 6.30957344e+00  7.00200263e-02  6.30957344e+00 -5.08464845e-05  6.30957344e+00  7.00200448e-02  6.30957344e+00 -7.26170472e-04 
 7.94328235e+00  7.00199691e-02  7.94328235e+00 -6.34332145e-05  7.94328235e+00  7.00199979e-02  7.94328235e+00 -9.05930092e-04 
 1.00000000e+01  7.00199054e-02  1.00000000e+01 -7.93958421e-05  1.00000000e+01  7.00199504e-02  1.00000000e+01 -1.13390339e-03 
 1.25892541e+01  7.00198216e-02  1.25892541e+01 -9.95854233e-05  1.25892541e+01  7.00198924e-02  1.25892541e+01 -1.42224521e-03 
 1.58489319e+01  7.00196998e-02  1.58489319e+01 -1.25077572e-04  1.58489319e+01  7.00198115e-02  1.58489319e+01 -1.78631784e-03 
 1.99526231e+01  7.00195137e-02  1.99526231e+01 -1.57229939e-04  1.99526231e+01  7.00196902e-02  1.99526231e+01 -2.24551223e-03 
 2.51188643e+01  7.00192232e-02  2.51188643e+01 -1.97754550e-04  2.51188643e+01  7.00195024e-02  2.51188643e+01 -2.82428190e-03 
 3.16227766e+01  7.00187655e-02  3.16227766e+01 -2.48808880e-04  3.16227766e+01  7.00192076e-02  3.16227766e+01 -3.55344500e-03 
 3.98107171e+01  7.00180419e-02  3.98107171e+01 -3.13110434e-04  3.98107171e+01  7.00187420e-02  3.98107171e+01 -4.47182380e-03 
 5.01187234e+01  7.00168963e-02  5.01187234e+01 -3.94080815e-04  5.01187234e+01  7.00180053e-02  5.01187234e+01 -5.62830795e-03 
 6.30957344e+01  7.00150814e-02  6.30957344e+01 -4.96026601e-04  6.30957344e+01  7.00168385e-02  6.30957344e+01 -7.08444941e-03 
 7.94328235e+01  7.00122057e-02  7.94328235e+01 -6.24366005e-04  7.94328235e+01  7.00149897e-02  7.94328235e+01 -8.91772295e-03 
 1.00000000e+02  7.00076491e-02  1.00000000e+02 -7.85912082e-04  1.00000000e+02  7.00120603e-02  1.00000000e+02 -1.12256172e-02 
 1.25892541e+02  7.00004291e-02  1.25892541e+02 -9.89224886e-04  1.25892541e+02  7.00074184e-02  1.25892541e+02 -1.41307569e-02 
 1.58489319e+02  6.99889905e-02  1.58489319e+02 -1.24504610e-03  1.58489319e+02  7.00000638e-02  1.58489319e+02 -1.77872945e-02 
 1.99526231e+02  6.99708724e-02  1.99526231e+02 -1.56682877e-03  1.99526231e+02  6.99884129e-02  1.99526231e+02 -2.23888442e-02 
 2.51188643e+02  6.99421841e-02  2.51188643e+02 -1.97136962e-03  2.51188643e+02  6.99699608e-02  2.51188643e+02 -2.81782426e-02 
 3.16227766e+02  6.98967836e-02  3.16227766e+02 -2.47953652e-03  3.16227766e+02  6.99407497e-02  3.16227766e+02 -3.54593884e-02 
 3.98107171e+02  6.98249976e-02  3.98107171e+02 -3.11704894e-03  3.98107171e+02  6.98945369e-02  3.98107171e+02 -4.46112561e-02 
 5.01187234e+02  6.97116466e-02  5.01187234e+02 -3.91519556e-03  5.01187234e+02  6.98215040e-02  5.01187234e+02 -5.61037792e-02 
 6.30957344e+02  6.95330500e-02  6.30957344e+02 -4.91122391e-03  6.30957344e+02  6.97062778e-02  6.30957344e+02 -7.05143988e-02 
 7.94328235e+02  6.92526072e-02  7.94328235e+02 -6.14785310e-03  7.94328235e+02  6.95249574e-02  7.94328235e+02 -8.85422098e-02 
 1.00000000e+03  6.88145823e-02  1.00000000e+03 -7.67085153e-03  1.00000000e+03  6.92408022e-02  1.00000000e+03 -1.11013012e-01 
 1.25892541e+03  6.81360970e-02  1.25892541e+03 -9.52280104e-03  1.25892541e+03  6.87983390e-02  1.25892541e+03 -1.38861989e-01 
 1.58489319e+03  6.70985719e-02  1.58489319e+03 -1.17300935e-02  1.58489319e+03  6.81161760e-02  1.58489319e+03 -1.73069870e-01 
 1.99526231e+03  6.55427946e-02  1.99526231e+03 -1.42795114e-02  1.99526231e+03  6.70802681e-02  1.99526231e+03 -2.14513402e-01 
 2.51188643e+03  6.32771176e-02  2.51188643e+03 -1.70825208e-02  2.51188643e+03  6.55423994e-02  2.51188643e+03 -2.63677941e-01 
 3.16227766e+03  6.01142770e-02  3.16227766e+03 -1.99339137e-02  3.16227766e+03  6.33331447e-02  3.16227766e+03 -3.20190035e-01 
 3.98107171e+03  5.59501869e-02  3.98107171e+03 -2.24902737e-02  3.98107171e+03  6.03012092e-02  3.98107171e+03 -3.82203145e-01 
 5.01187234e+03  5.08712244e-02  5.01187234e+03 -2.43134973e-02  5.01187234e+03  5.63828664e-02  5.01187234e+03 -4.45846046e-01 
 6.30957344e+03  4.52234394e-02  6.30957344e+03 -2.50090892e-02  6.30957344e+03  5.16779838e-02  6.30957344e+03 -5.05152484e-01 
 7.94328235e+03  3.95537996e-02  7.94328235e+03 -2.44075803e-02  7.94328235e+03  4.64783072e-02  7.94328235e+03 -5.52878655e-01 
 1.00000000e+04  3.44175805e-02  1.00000000e+04 -2.26561415e-02  1.00000000e+04  4.12052253e-02  1.00000000e+04 -5.82168616e-01 
 1.25892541e+04  3.01797092e-02  1.25892541e+04 -2.01385843e-02  1.25892541e+04  3.62819160e-02  1.25892541e+04 -5.88433240e-01 
 1.58489319e+04  2.69445306e-02  1.58489319e+04 -1.72956328e-02  1.58489319e+04  3.20179113e-02  1.58489319e+04 -5.70658316e-01 
 1.99526231e+04  2.46183275e-02  1.99526231e+04 -1.44803244e-02  1.99526231e+04  2.85611947e-02  1.99526231e+04 -5.31692538e-01 
 2.51188643e+04  2.30167594e-02  2.51188643e+04 -1.19078743e-02  2.51188643e+04  2.59146423e-02  2.51188643e+04 -4.77436343e-01 
 3.16227766e+04  2.19467766e-02  3.16227766e+04 -9.67408018e-03  3.16227766e+04  2.39843455e-02  3.16227766e+04 -4.15174669e-01 
 3.98107171e+04  2.12462328e-02  3.98107171e+04 -7.79637537e-03  3.98107171e+04  2.26315240e-02  3.98107171e+04 -3.51697440e-01 
 5.01187234e+04  2.07936167e-02  5.01187234e+04 -6.25035045e-03  5.01187234e+04  2.17127008e-02  5.01187234e+04 -2.91997868e-01 
 6.30957344e+04  2.05036875e-02  6.30957344e+04 -4.99407126e-03  6.30957344e+04  2.11031265e-02  6.30957344e+04 -2.38917255e-01 
 7.94328235e+04  2.03189907e-02  7.94328235e+04 -3.98172854e-03  7.94328235e+04  2.07054473e-02  7.94328235e+04 -1.93508849e-01 
 1.00000000e+05  2.02017444e-02  1.00000000e+05 -3.17026055e-03  1.00000000e+05  2.04489860e-02  1.00000000e+05 -1.55660506e-01 
 1.25892541e+05  2.01274818e-02  1.25892541e+05 -2.52198131e-03  1.25892541e+05  2.02848691e-02  1.25892541e+05 -1.24650752e-01 
 1.58489319e+05  2.00805113e-02  1.58489319e+05 -2.00516692e-03  1.58489319e+05  2.01803773e-02  1.58489319e+05 -9.95264401e-02 
 1.99526231e+05  2.00508294e-02  1.99526231e+05 -1.59370737e-03  1.99526231e+05  2.01140663e-02  1.99526231e+05 -7.93166140e-02 
 2.51188643e+05  2.00320832e-02  2.51188643e+05 -1.26640168e-03  2.51188643e+05  2.00720734e-02  2.51188643e+05 -6.31346526e-02 
 3.16227766e+05  2.00202479e-02  3.16227766e+05 -1.00617678e-03  3.16227766e+05  2.00455162e-02  3.16227766e+05 -5.02157071e-02 
 3.98107171e+05  2.00127775e-02  3.98107171e+05 -7.99354039e-04  3.98107171e+05  2.00287351e-02  3.98107171e+05 -3.99209632e-02 
 5.01187234e+05  2.00080628e-02  5.01187234e+05 -6.35009346e-04  5.01187234e+05  2.00181371e-02  5.01187234e+05 -3.17270227e-02 
 6.30957344e+05  2.00050876e-02  6.30957344e+05 -5.04435860e-04  6.30957344e+05  2.00114464e-02  6.30957344e+05 -2.52100366e-02 
 7.94328235e+05  2.00032102e-02  7.94328235e+05 -4.00702687e-04  7.94328235e+05  2.00072232e-02  7.94328235e+05 -2.00292402e-02 
 1.00000000e+06  2.00020255e-02  1.00000000e+06 -3.18296996e-04  1.00000000e+06  2.00045579e-02  1.00000000e+06 -1.59118951e-02 
 1.25892541e+06  2.00012780e-02  1.25892541e+06 -2.52836070e-04  1.25892541e+06  2.00028760e-02  1.25892541e+06 -1.26403224e-02 
 1.58489319e+06  2.00008064e-02  1.58489319e+06 -2.00836723e-04  1.58489319e+06  2.00018147e-02  1.58489319e+06 -1.00410938e-02 
 1.99526231e+06  2.00005088e-02  1.99526231e+06 -1.59531229e-04  1.99526231e+06  2.00011450e-02  1.99526231e+06 -7.97618935e-03 
 2.51188643e+06  2.00003210e-02  2.51188643e+06 -1.26720635e-04  2.51188643e+06  2.00007225e-02  2.51188643e+06 -6.33584526e-03 
 3.16227766e+06  2.00002026e-02  3.16227766e+06 -1.00658017e-04  3.16227766e+06  2.00004559e-02  3.16227766e+06 -5.03280736e-03 
 3.98107171e+06  2.00001278e-02  3.98107171e+06 -7.99556241e-05  3.98107171e+06  2.00002876e-02  3.98107171e+06 -3.99773436e-03 
 5.01187234e+06  2.00000806e-02  5.01187234e+06 -6.35110696e-05  5.01187234e+06  2.00001815e-02  5.01187234e+06 -3.17553000e-03 
 6.30957344e+06  2.00000509e-02  6.30957344e+06 -5.04486659e-05  6.30957344e+06  2.00001145e-02  6.30957344e+06 -2.52242153e-03 
 7.94328235e+06  2.00000321e-02  7.94328235e+06 -4.00728147e-05  7.94328235e+06  2.00000722e-02  7.94328235e+06 -2.00363484e-03 
 1.00000000e+07  2.00000203e-02  1.00000000e+07 -3.18309757e-05  1.00000000e+07  2.00000456e-02  1.00000000e+07 -1.59154583e-03 
