 1.00000000e-03  4.46546967e+00  1.00000000e-03 -1.59088724e+02  1.00000000e-03  1.59151382e+02  1.00000000e-03 -1.54273464e+00 
 1.25892541e-03  4.46542074e+00  1.25892541e-03 -1.26374852e+02  1.25892541e-03  1.26453720e+02  1.25892541e-03 -1.53547630e+00 
 1.58489319e-03  4.46534320e+00  1.58489319e-03 -1.00390902e+02  1.58489319e-03  1.00490161e+02  1.58489319e-03 -1.52634606e+00 
 1.99526231e-03  4.46522031e+00  1.99526231e-03 -7.97531328e+01  1.99526231e-03  7.98780345e+01  1.99526231e-03 -1.51486669e+00 
 2.51188643e-03  4.46502558e+00  2.51188643e-03 -6.33625066e+01  2.51188643e-03  6.35196324e+01  2.51188643e-03 -1.50044468e+00 
 3.16227766e-03  4.46471703e+00  3.16227766e-03 -5.03461611e+01  3.16227766e-03  5.05437398e+01  3.16227766e-03 -1.48234732e+00 
 3.98107171e-03  4.46422821e+00  3.98107171e-03 -4.00109246e+01  3.98107171e-03  4.02592029e+01  3.98107171e-03 -1.45968067e+00 
 5.01187234e-03  4.46345398e+00  5.01187234e-03 -3.18064006e+01  5.01187234e-03  3.21180563e+01  5.01187234e-03 -1.43137484e+00 
 6.30957344e-03  4.46222817e+00  6.30957344e-03 -2.52956531e+01  6.30957344e-03  2.56862131e+01  6.30957344e-03 -1.39618971e+00 
 7.94328235e-03  4.46028853e+00  7.94328235e-03 -2.01319311e+01  7.94328235e-03  2.06201072e+01  7.94328235e-03 -1.35276526e+00 
 1.00000000e-02  4.45722227e+00  1.00000000e-02 -1.60401879e+01  1.00000000e-02  1.66479566e+01  1.00000000e-02 -1.29975603e+00 
 1.25892541e-02  4.45238225e+00  1.25892541e-02 -1.28024054e+01  1.25892541e-02  1.35545303e+01  1.25892541e-02 -1.23610327e+00 
 1.58489319e-02  4.44476033e+00  1.58489319e-02 -1.02459266e+01  1.58489319e-02  1.11684782e+01  1.58489319e-02 -1.16148932e+00 
 1.99526231e-02  4.43280192e+00  1.99526231e-02 -8.23415299e+00  1.99526231e-02  9.35152439e+00  1.99526231e-02 -1.07694655e+00 
 2.51188643e-02  4.41414825e+00  2.51188643e-02 -6.65906364e+00  2.51188643e-02  7.98923233e+00  2.51188643e-02 -9.85421082e-01 
 3.16227766e-02  4.38531223e+00  3.16227766e-02 -5.43508565e+00  3.16227766e-02  6.98363225e+00  3.16227766e-02 -8.91891000e-01 
 3.98107171e-02  4.34135101e+00  3.98107171e-02 -4.49388197e+00  3.98107171e-02  6.24838409e+00  3.98107171e-02 -8.02660391e-01 
 5.01187234e-02  4.27572861e+00  5.01187234e-02 -3.77967145e+00  5.01187234e-02  5.70681798e+00  5.01187234e-02 -7.23895131e-01 
 6.30957344e-02  4.18078023e+00  6.30957344e-02 -3.24485337e+00  6.30957344e-02  5.29225818e+00  6.30957344e-02 -6.60019300e-01 
 7.94328235e-02  4.04939055e+00  7.94328235e-02 -2.84615038e+00  7.94328235e-02  4.94955915e+00  7.94328235e-02 -6.12642145e-01 
 1.00000000e-01  3.87826638e+00  1.00000000e-01 -2.54229598e+00  1.00000000e-01  4.63726417e+00  1.00000000e-01 -5.80248599e-01 
 1.25892541e-01  3.67190124e+00  1.25892541e-01 -2.29491278e+00  1.25892541e-01  4.33006736e+00  1.25892541e-01 -5.58594323e-01 
 1.58489319e-01  3.44430748e+00  1.58489319e-01 -2.07312146e+00  1.58489319e-01  4.02008540e+00  1.58489319e-01 -5.41813852e-01 
 1.99526231e-01  3.21547446e+00  1.99526231e-01 -1.85895747e+00  1.99526231e-01  3.71416193e+00  1.99526231e-01 -5.24182263e-01 
 2.51188643e-01  3.00363149e+00  2.51188643e-01 -1.64839597e+00  2.51188643e-01  3.42622407e+00  2.51188643e-01 -5.01922208e-01 
 3.16227766e-01  2.81895262e+00  3.16227766e-01 -1.44616530e+00  3.16227766e-01  3.16826261e+00  3.16227766e-01 -4.74005405e-01 
 3.98107171e-01  2.66297471e+00  3.98107171e-01 -1.25839392e+00  3.98107171e-01  2.94533353e+00  3.98107171e-01 -4.41449062e-01 
 5.01187234e-01  2.53245112e+00  5.01187234e-01 -1.08820095e+00  5.01187234e-01  2.75635447e+00  5.01187234e-01 -4.05847077e-01 
 6.30957344e-01  2.42349519e+00  6.30957344e-01 -9.35520042e-01  6.30957344e-01  2.59779265e+00  6.30957344e-01 -3.68397738e-01 
 7.94328235e-01  2.33341111e+00  7.94328235e-01 -7.99013108e-01  7.94328235e-01  2.46642036e+00  7.94328235e-01 -3.29908624e-01 
 1.00000000e+00  2.26045663e+00  1.00000000e+00 -6.77598444e-01  1.00000000e+00  2.35983132e+00  1.00000000e+00 -2.91238205e-01 
 1.25892541e+00  2.20305680e+00  1.25892541e+00 -5.70809733e-01  1.25892541e+00  2.27580381e+00  1.25892541e+00 -2.53523890e-01 
 1.58489319e+00  2.15937460e+00  1.58489319e+00 -4.78526742e-01  1.58489319e+00  2.21176096e+00  1.58489319e+00 -2.18080045e-01 
 1.99526231e+00  2.12726009e+00  1.99526231e+00 -4.00640604e-01  1.99526231e+00  2.16465895e+00  1.99526231e+00 -1.86155865e-01 
 2.51188643e+00  2.10439258e+00  2.51188643e+00 -3.36829640e-01  2.51188643e+00  2.13117862e+00  2.51188643e+00 -1.58714025e-01 
 3.16227766e+00  2.08850239e+00  3.16227766e+00 -2.86484771e-01  3.16227766e+00  2.10805971e+00  3.16227766e+00 -1.36321573e-01 
 3.98107171e+00  2.07757047e+00  3.98107171e+00 -2.48786097e-01  3.98107171e+00  2.09241334e+00  3.98107171e+00 -1.19181059e-01 
 5.01187234e+00  2.06992814e+00  5.01187234e+00 -2.22871251e-01  5.01187234e+00  2.08189195e+00  5.01187234e+00 -1.07257801e-01 
 6.30957344e+00  2.06424435e+00  6.30957344e+00 -2.08014220e-01  6.30957344e+00  2.07469869e+00  6.30957344e+00 -1.00431123e-01 
 7.94328235e+00  2.05943398e+00  7.94328235e+00 -2.03764352e-01  7.94328235e+00  2.06948985e+00  7.94328235e+00 -9.86209389e-02 
 1.00000000e+01  2.05452367e+00  1.00000000e+01 -2.10034328e-01  1.00000000e+01  2.06523169e+00  1.00000000e+01 -1.01876262e-01 
 1.25892541e+01  2.04849243e+00  1.25892541e+01 -2.27144352e-01  1.25892541e+01  2.06104725e+00  1.25892541e+01 -1.10432545e-01 
 1.58489319e+01  2.04008407e+00  1.58489319e+01 -2.55827248e-01  1.58489319e+01  2.05606191e+00  1.58489319e+01 -1.24749162e-01 
 1.99526231e+01  2.02757595e+00  1.99526231e+01 -2.97182969e-01  1.99526231e+01  2.04923936e+00  1.99526231e+01 -1.45534309e-01 
 2.51188643e+01  2.00848673e+00  2.51188643e+01 -3.52543976e-01  2.51188643e+01  2.03919254e+00  2.51188643e+01 -1.73757118e-01 
 3.16227766e+01  1.97922331e+00  3.16227766e+01 -4.23174203e-01  3.16227766e+01  2.02395685e+00  3.16227766e+01 -2.10636753e-01 
 3.98107171e+01  1.93472398e+00  3.98107171e+01 -5.09677921e-01  3.98107171e+01  2.00073198e+00  3.98107171e+01 -2.57584745e-01 
 5.01187234e+01  1.86828586e+00  5.01187234e+01 -6.10970977e-01  5.01187234e+01  1.96564940e+00  5.01187234e+01 -3.16059834e-01 
 6.30957344e+01  1.77199265e+00  6.30957344e+01 -7.22759935e-01  6.30957344e+01  1.91372408e+00  6.30957344e+01 -3.87280762e-01 
 7.94328235e+01  1.63839116e+00  7.94328235e+01 -8.35866233e-01  7.94328235e+01  1.83929279e+00  7.94328235e+01 -4.71754447e-01 
 1.00000000e+02  1.46389879e+00  1.00000000e+02 -9.35542151e-01  1.00000000e+02  1.73730791e+00  1.00000000e+02 -5.68657201e-01 
 1.25892541e+02  1.25317980e+00  1.25892541e+02 -1.00366072e+00  1.25892541e+02  1.60555113e+00  1.25892541e+02 -6.75284145e-01 
 1.58489319e+02  1.02153315e+00  1.58489319e+02 -1.02474350e+00  1.58489319e+02  1.44693788e+00  1.58489319e+02 -7.86967040e-01 
 1.99526231e+02  7.91768098e-01  1.99526231e+02 -9.93232465e-01  1.99526231e+02  1.27019977e+00  1.99526231e+02 -8.97787704e-01 
 2.51188643e+02  5.85980528e-01  2.51188643e+02 -9.16477897e-01  2.51188643e+02  1.08779820e+00  2.51188643e+02 -1.00192086e+00 
 3.16227766e+02  4.17848718e-01  3.16227766e+02 -8.10745804e-01  3.16227766e+02  9.12088982e-01  3.16227766e+02 -1.09491418e+00 
 3.98107171e+02  2.90495827e-01  3.98107171e+02 -6.93793572e-01  3.98107171e+02  7.52155134e-01  3.98107171e+02 -1.17426845e+00 
 5.01187234e+02  1.99453588e-01  5.01187234e+02 -5.79376140e-01  5.01187234e+02  6.12746641e-01  5.01187234e+02 -1.23924799e+00 
 6.30957344e+02  1.37027112e-01  6.30957344e+02 -4.75615830e-01  6.30957344e+02  4.94961460e-01  6.30957344e+02 -1.29028815e+00 
 7.94328235e+02  9.54363217e-02  7.94328235e+02 -3.85945457e-01  7.94328235e+02  3.97570103e-01  7.94328235e+02 -1.32837996e+00 
 1.00000000e+03  6.82557034e-02  1.00000000e+03 -3.10798342e-01  1.00000000e+03  3.18205045e-01  1.00000000e+03 -1.35461412e+00 
 1.25892541e+03  5.07154540e-02  1.25892541e+03 -2.49044682e-01  1.25892541e+03  2.54156076e-01  1.25892541e+03 -1.36990325e+00 
 1.58489319e+03  3.94884413e-02  1.58489319e+03 -1.98925891e-01  1.58489319e+03  2.02807414e-01  1.58489319e+03 -1.37483550e+00 
 1.99526231e+03  3.23398845e-02  1.99526231e+03 -1.58570150e-01  1.99526231e+03  1.61834361e-01  1.99526231e+03 -1.36960860e+00 
 2.51188643e+03  2.78033623e-02  2.51188643e+03 -1.26237875e-01  2.51188643e+03  1.29263405e-01  2.51188643e+03 -1.35401158e+00 
 3.16227766e+03  2.49305497e-02  3.16227766e+03 -1.00415721e-01  3.16227766e+03  1.03464242e-01  3.16227766e+03 -1.32744338e+00 
 3.98107171e+03  2.31137442e-02  3.98107171e+03 -7.98340799e-02  3.98107171e+03  8.31127276e-02  3.98107171e+03 -1.28897963e+00 
 5.01187234e+03  2.19657472e-02  5.01187234e+03 -6.34501189e-02  5.01187234e+03  6.71447067e-02  5.01187234e+03 -1.23752044e+00 
 6.30957344e+03  2.12407439e-02  6.30957344e+03 -5.04181072e-02  6.30957344e+03  5.47097316e-02  6.30957344e+03 -1.17207060e+00 
 7.94328235e+03  2.07830322e-02  7.94328235e+03 -4.00574957e-02  7.94328235e+03  4.51280111e-02  7.94328235e+03 -1.09219841e+00 
 1.00000000e+04  2.04941299e-02  1.00000000e+04 -3.18232969e-02  1.00000000e+04  3.78514411e-02  1.00000000e+04 -9.98652231e-01 
 1.25892541e+04  2.03118028e-02  1.25892541e+04 -2.52803977e-02  1.25892541e+04  3.24294286e-02  1.25892541e+04 -8.93948838e-01 
 1.58489319e+04  2.01967454e-02  1.58489319e+04 -2.00820637e-02  1.58489319e+04  2.84815345e-02  1.58489319e+04 -7.82550975e-01 
 1.99526231e+04  2.01241423e-02  1.99526231e+04 -1.59523166e-02  1.99526231e+04  2.56799048e-02  1.99526231e+04 -6.70271068e-01 
 2.51188643e+04  2.00783303e-02  2.51188643e+04 -1.26716594e-02  2.51188643e+04  2.37425841e-02  2.51188643e+04 -5.62981831e-01 
 3.16227766e+04  2.00494238e-02  3.16227766e+04 -1.00655991e-02  3.16227766e+04  2.24342524e-02  3.16227766e+04 -4.65277736e-01 
 3.98107171e+04  2.00311846e-02  3.98107171e+04 -7.99546091e-03  3.98107171e+04  2.15679334e-02  3.98107171e+04 -3.79773989e-01 
 5.01187234e+04  2.00196762e-02  5.01187234e+04 -6.35105609e-03  5.01187234e+04  2.10029367e-02  5.01187234e+04 -3.07197949e-01 
 6.30957344e+04  2.00124149e-02  6.30957344e+04 -5.04484109e-03  6.30957344e+04  2.06384876e-02  6.30957344e+04 -2.46940590e-01 
 7.94328235e+04  2.00078333e-02  7.94328235e+04 -4.00726869e-03  7.94328235e+04  2.04051855e-02  7.94328235e+04 -1.97669574e-01 
 1.00000000e+05  2.00049425e-02  1.00000000e+05 -3.18309117e-03  1.00000000e+05  2.02565988e-02  1.00000000e+05 -1.57792465e-01 
 1.25892541e+05  2.00031185e-02  1.25892541e+05 -2.52842144e-03  1.25892541e+05  2.01622832e-02  1.25892541e+05 -1.25734559e-01 
 1.58489319e+05  2.00019676e-02  1.58489319e+05 -2.00839767e-03  1.58489319e+05  2.01025464e-02  1.58489319e+05 -1.00074582e-01 
 1.99526231e+05  2.00012415e-02  1.99526231e+05 -1.59532754e-03  1.99526231e+05  2.00647634e-02  1.99526231e+05 -7.95929244e-02 
 2.51188643e+05  2.00007833e-02  2.51188643e+05 -1.26721400e-03  2.51188643e+05  2.00408873e-02  2.51188643e+05 -6.32736430e-02 
 3.16227766e+05  2.00004942e-02  3.16227766e+05 -1.00658400e-03  3.16227766e+05  2.00258079e-02  3.16227766e+05 -5.02855287e-02 
 3.98107171e+05  2.00003119e-02  3.98107171e+05 -7.99558162e-04  3.98107171e+05  2.00162876e-02  3.98107171e+05 -3.99560082e-02 
 5.01187234e+05  2.00001968e-02  5.01187234e+05 -6.35111659e-04  5.01187234e+05  2.00102783e-02  5.01187234e+05 -3.17446030e-02 
 6.30957344e+05  2.00001241e-02  6.30957344e+05 -5.04487141e-04  6.30957344e+05  2.00064858e-02  6.30957344e+05 -2.52188528e-02 
 7.94328235e+05  2.00000783e-02  7.94328235e+05 -4.00728389e-04  7.94328235e+05  2.00040925e-02  7.94328235e+05 -2.00336604e-02 
 1.00000000e+06  2.00000494e-02  1.00000000e+06 -3.18309878e-04  1.00000000e+06  2.00025823e-02  1.00000000e+06 -1.59141110e-02 
 1.25892541e+06  2.00000312e-02  1.25892541e+06 -2.52842526e-04  1.25892541e+06  2.00016294e-02  1.25892541e+06 -1.26414332e-02 
 1.58489319e+06  2.00000197e-02  1.58489319e+06 -2.00839959e-04  1.58489319e+06  2.00010281e-02  1.58489319e+06 -1.00416505e-02 
 1.99526231e+06  2.00000124e-02  1.99526231e+06 -1.59532850e-04  1.99526231e+06  2.00006487e-02  1.99526231e+06 -7.97646840e-03 
 2.51188643e+06  2.00000078e-02  2.51188643e+06 -1.26721448e-04  2.51188643e+06  2.00004093e-02  2.51188643e+06 -6.33598511e-03 
 3.16227766e+06  2.00000049e-02  3.16227766e+06 -1.00658424e-04  3.16227766e+06  2.00002582e-02  3.16227766e+06 -5.03287746e-03 
 3.98107171e+06  2.00000031e-02  3.98107171e+06 -7.99558283e-05  3.98107171e+06  2.00001629e-02  3.98107171e+06 -3.99776949e-03 
 5.01187234e+06  2.00000020e-02  5.01187234e+06 -6.35111720e-05  5.01187234e+06  2.00001028e-02  5.01187234e+06 -3.17554761e-03 
 6.30957344e+06  2.00000012e-02  6.30957344e+06 -5.04487171e-05  6.30957344e+06  2.00000649e-02  6.30957344e+06 -2.52243035e-03 
 7.94328235e+06  2.00000008e-02  7.94328235e+06 -4.00728404e-05  7.94328235e+06  2.00000409e-02  7.94328235e+06 -2.00363926e-03 
 1.00000000e+07  2.00000005e-02  1.00000000e+07 -3.18309886e-05  1.00000000e+07  2.00000258e-02  1.00000000e+07 -1.59154805e-03 
